INT	INT	STRING	STRING	INT	INT	INT	STRING	STRING	INT	INT	INT	INT	INT	INT	INT	INT	INT	INT	INT	INT	INT	INT	INT	INT	INT	INT	INT	INT	INT	INT	INT	INT	INT	INT	INT	INT	INT	INT	INT	INT	INT	INT	INT	INT	INT	INT	INT	INT	INT	INT
TitleID	类别	名称	描述	逻辑ID	Level	有效时间	描述	描述2	有效类型 1:天 2:明确年月日 3:周次 4:本周内某周次	颜色ID	BoardIndex	是否启用	属性类型	属性值	属性类型	属性值	属性类型	属性值	属性类型	属性值	属性类型	属性值	属性类型	属性值	属性类型	属性值	属性类型	属性值	属性类型	属性值	属性类型	属性值	属性类型	属性值	属性类型	属性值	属性类型	属性值	属性类型	属性值	属性类型	属性值	属性类型	属性值	是否Animate	AnimateID	预留	预留	预留	预留
1000	1000	谜之追逐者	花灯隐语活动中解谜达人的象征。	100	1	-1	花灯隐语	花灯隐语活动中，完成活动任务6天领取的称号。	0	106	0	1	-1	-1	-1	-1	-1	-1	-1	-1	-1	-1	-1	-1	-1	-1	-1	-1	-1	-1	-1	-1	-1	-1	-1	-1	-1	-1	-1	-1	-1	-1	-1	-1	0	0	0	-1	-1	-1
1001	1000	谜一样的人	花灯隐语活动中解谜专家的象征。	100	2	-1	花灯隐语	花灯隐语活动中，完成活动任务10天领取的称号。	0	106	0	1	-1	-1	-1	-1	-1	-1	-1	-1	-1	-1	-1	-1	-1	-1	-1	-1	-1	-1	-1	-1	-1	-1	-1	-1	-1	-1	-1	-1	-1	-1	-1	-1	0	0	0	-1	-1	-1
1002	1000	超越谜的人	花灯隐语活动中解谜超人的象征。	100	3	-1	花灯隐语	花灯隐语活动中，完成活动任务12天领取的称号。	0	106	0	1	-1	-1	-1	-1	-1	-1	-1	-1	-1	-1	-1	-1	-1	-1	-1	-1	-1	-1	-1	-1	-1	-1	-1	-1	-1	-1	-1	-1	-1	-1	-1	-1	0	0	0	-1	-1	-1
1003	1001	斗酒学士	才高八斗，酒气横天。	101	1	-1	千杯不醉	千杯不醉活动中连续饮下8杯酒后在大理（110，159）杜子腾处领取的称号奖励。	0	106	0	1	-1	-1	-1	-1	-1	-1	-1	-1	-1	-1	-1	-1	-1	-1	-1	-1	-1	-1	-1	-1	-1	-1	-1	-1	-1	-1	-1	-1	-1	-1	-1	-1	0	0	0	-1	-1	-1
1004	1002	冠绝一时	高雅的品味为一时之冠。	102	1	-1	衣柜系统	储衣间拥有5件时装领取得到的称号。	0	106	0	1	-1	-1	-1	-1	-1	-1	-1	-1	-1	-1	-1	-1	-1	-1	-1	-1	-1	-1	-1	-1	-1	-1	-1	-1	-1	-1	-1	-1	-1	-1	-1	-1	0	0	0	-1	-1	-1
1005	1002	霞光十色	散发的魅力如同霞光一般，照耀全场。	102	2	-1	衣柜系统	储衣间拥有10件时装领取得到的称号。	0	106	0	1	-1	-1	-1	-1	-1	-1	-1	-1	-1	-1	-1	-1	-1	-1	-1	-1	-1	-1	-1	-1	-1	-1	-1	-1	-1	-1	-1	-1	-1	-1	-1	-1	0	0	0	-1	-1	-1
1006	1002	绫罗百纳	绸缎绫罗，锦衣百纳，高贵而不失风雅。	102	3	-1	衣柜系统	储衣间拥有15件时装领取得到的称号。	0	106	0	1	-1	-1	-1	-1	-1	-1	-1	-1	-1	-1	-1	-1	-1	-1	-1	-1	-1	-1	-1	-1	-1	-1	-1	-1	-1	-1	-1	-1	-1	-1	-1	-1	0	0	0	-1	-1	-1
1007	1002	锦卉千葩	如同千万朵奇花同时盛放，竞相争艳，绚丽的衣着超脱凡俗，仿若天仙下凡。	102	4	-1	衣柜系统	储衣间拥有15件不同类型的时装领取得到的称号。	0	106	0	1	-1	-1	-1	-1	-1	-1	-1	-1	-1	-1	-1	-1	-1	-1	-1	-1	-1	-1	-1	-1	-1	-1	-1	-1	-1	-1	-1	-1	-1	-1	-1	-1	0	0	0	-1	-1	-1
1008	1002	绮罗万华	绮罗加身，风华绝代。	102	5	-1	衣柜系统	储衣间拥有20件时装才能获得此称号。	0	106	0	1	-1	-1	-1	-1	-1	-1	-1	-1	-1	-1	-1	-1	-1	-1	-1	-1	-1	-1	-1	-1	-1	-1	-1	-1	-1	-1	-1	-1	-1	-1	-1	-1	0	0	0	-1	-1	-1
1009	1002	云绒巧纳	纤云弄巧，满目琳琅。	102	6	-1	衣柜系统	储衣间拥有20件不同类型的时装才能获得此称号。	0	106	0	1	-1	-1	-1	-1	-1	-1	-1	-1	-1	-1	-1	-1	-1	-1	-1	-1	-1	-1	-1	-1	-1	-1	-1	-1	-1	-1	-1	-1	-1	-1	-1	-1	0	0	0	-1	-1	-1
1010	1002	星缎锦绣	锦衣华服，璀璨如星。	102	7	-1	衣柜系统	储衣间拥有25件时装才能获得此称号。	0	106	0	1	-1	-1	-1	-1	-1	-1	-1	-1	-1	-1	-1	-1	-1	-1	-1	-1	-1	-1	-1	-1	-1	-1	-1	-1	-1	-1	-1	-1	-1	-1	-1	-1	0	0	0	-1	-1	-1
1011	1002	月纨华素	月仙织就，舞动清秋。	102	8	-1	衣柜系统	储衣间拥有25件不同类型的时装才能获得此称号。	0	106	0	1	-1	-1	-1	-1	-1	-1	-1	-1	-1	-1	-1	-1	-1	-1	-1	-1	-1	-1	-1	-1	-1	-1	-1	-1	-1	-1	-1	-1	-1	-1	-1	-1	0	0	0	-1	-1	-1
1012	1002	金缕流光	金缕霓裳，光华周流。	102	9	-1	衣柜系统	储衣间拥有30件时装才能获得此称号。	0	106	0	1	-1	-1	-1	-1	-1	-1	-1	-1	-1	-1	-1	-1	-1	-1	-1	-1	-1	-1	-1	-1	-1	-1	-1	-1	-1	-1	-1	-1	-1	-1	-1	-1	0	0	0	-1	-1	-1
1013	1002	仙袂玉裘	仙衣天成，灵玉润柔。	102	10	-1	衣柜系统	储衣间拥有30件不同类型的时装才能获得此称号。	0	106	0	1	-1	-1	-1	-1	-1	-1	-1	-1	-1	-1	-1	-1	-1	-1	-1	-1	-1	-1	-1	-1	-1	-1	-1	-1	-1	-1	-1	-1	-1	-1	-1	-1	0	0	0	-1	-1	-1
1014	1003	天龙兄弟团	您点的侠意套餐已送达。	103	1	720	美团联动活动	参加新天龙八部×美团联动活动获得的专属称号。	1	106	0	1	-1	-1	-1	-1	-1	-1	-1	-1	-1	-1	-1	-1	-1	-1	-1	-1	-1	-1	-1	-1	-1	-1	-1	-1	-1	-1	-1	-1	-1	-1	-1	-1	0	0	0	-1	-1	-1
1015	1004	天龙才子·妙手丹青	纵情水墨自奇绝，画龙点睛神韵生。	104	1	2160	奖励给长期为官方微信、微博投稿，在绘图、制图方面有突出贡献的才艺玩家。	奖励给长期为官方微信、微博投稿，在绘图、制图方面有突出贡献的才艺玩家。	1	106	0	1	-1	-1	-1	-1	-1	-1	-1	-1	-1	-1	-1	-1	-1	-1	-1	-1	-1	-1	-1	-1	-1	-1	-1	-1	-1	-1	-1	-1	-1	-1	-1	-1	0	0	0	-1	-1	-1
1016	1004	天龙才子·锦绣华章	书剑江湖任挥洒，笔扫千军定乾坤。	105	1	2160	奖励给长期为官方微信、微博投稿，在文章、稿件方面有突出贡献的才艺玩家。	奖励给长期为官方微信、微博投稿，在文章、稿件方面有突出贡献的才艺玩家。	1	106	0	1	-1	-1	-1	-1	-1	-1	-1	-1	-1	-1	-1	-1	-1	-1	-1	-1	-1	-1	-1	-1	-1	-1	-1	-1	-1	-1	-1	-1	-1	-1	-1	-1	0	0	0	-1	-1	-1
1017	1004	天龙才子·光影霓裳	自古风流多才性，光影流变鉴天龙。	106	1	2160	奖励给长期为官方微信、微博投稿，在视频、音乐方面有突出贡献的才艺玩家。	奖励给长期为官方微信、微博投稿，在视频、音乐方面有突出贡献的才艺玩家。	1	106	0	1	-1	-1	-1	-1	-1	-1	-1	-1	-1	-1	-1	-1	-1	-1	-1	-1	-1	-1	-1	-1	-1	-1	-1	-1	-1	-1	-1	-1	-1	-1	-1	-1	0	0	0	-1	-1	-1
1018	1005	江湖百晓生	为新天龙八部记者站活跃小记者特别准备。	107	1	720	小记者专属礼包专属限时称号	成为新天龙八部记者站活跃小记者所获得的专属称号。	1	106	0	1	-1	-1	-1	-1	-1	-1	-1	-1	-1	-1	-1	-1	-1	-1	-1	-1	-1	-1	-1	-1	-1	-1	-1	-1	-1	-1	-1	-1	-1	-1	-1	-1	0	0	0	-1	-1	-1
1019	1006	如花似玉	貌美如花，肤似美玉，天生丽质赛闭月，温文尔雅胜沉鱼。	108	1	-1	2021年情人称号	情人节活动专属称号。	0	106	0	1	-1	-1	-1	-1	-1	-1	-1	-1	-1	-1	-1	-1	-1	-1	-1	-1	-1	-1	-1	-1	-1	-1	-1	-1	-1	-1	-1	-1	-1	-1	-1	-1	0	0	0	1020	0	-1
1020	1006	气宇不凡	相貌、气度非凡俗所能及，所到之处无不赞美，夸奖之声不绝于耳。	109	1	-1	2021年情人称号	情人节活动专属称号。	0	106	0	1	-1	-1	-1	-1	-1	-1	-1	-1	-1	-1	-1	-1	-1	-1	-1	-1	-1	-1	-1	-1	-1	-1	-1	-1	-1	-1	-1	-1	-1	-1	-1	-1	0	0	0	1019	1	-1
1021	1007	国色天香	翩若惊鸿，婉若游龙，荣曜秋菊，华茂春松，实为国色天香。	110	2	-1	2021年情人称号	情人节活动专属称号。	0	106	0	1	-1	-1	-1	-1	-1	-1	-1	-1	-1	-1	-1	-1	-1	-1	-1	-1	-1	-1	-1	-1	-1	-1	-1	-1	-1	-1	-1	-1	-1	-1	-1	-1	0	0	0	1022	0	-1
1022	1007	风流倜傥	有才学而不拘礼法，仅凭一言一行，即可令众多江湖侠女为之心动。	111	2	-1	2021年情人称号	情人节活动专属称号。	0	106	0	1	-1	-1	-1	-1	-1	-1	-1	-1	-1	-1	-1	-1	-1	-1	-1	-1	-1	-1	-1	-1	-1	-1	-1	-1	-1	-1	-1	-1	-1	-1	-1	-1	0	0	0	1021	1	-1
1023	1008	倾国倾城	北方有佳人，绝世而独立，一顾倾人城，再顾倾人国宁不知倾城与倾国，佳人难再得。	112	3	-1	2021年情人称号	情人节活动专属称号。	0	106	0	1	-1	-1	-1	-1	-1	-1	-1	-1	-1	-1	-1	-1	-1	-1	-1	-1	-1	-1	-1	-1	-1	-1	-1	-1	-1	-1	-1	-1	-1	-1	-1	-1	0	0	0	1024	0	-1
1024	1008	玉树临风	生来气质超凡，样貌赛过潘安，动如迅雷闪电，静如玉树翩翩，引得无数女侠为之倾倒。	113	3	-1	2021年情人称号	情人节活动专属称号。	0	106	0	1	-1	-1	-1	-1	-1	-1	-1	-1	-1	-1	-1	-1	-1	-1	-1	-1	-1	-1	-1	-1	-1	-1	-1	-1	-1	-1	-1	-1	-1	-1	-1	-1	0	0	0	1023	1	-1
1025	1009	绝世佳人	绝世风华，妙容仙姿。倾世佳人，宛若画中云仙。	132	4	-1	2021年情人称号	情人节活动专属称号。	0	106	0	1	-1	-1	-1	-1	-1	-1	-1	-1	-1	-1	-1	-1	-1	-1	-1	-1	-1	-1	-1	-1	-1	-1	-1	-1	-1	-1	-1	-1	-1	-1	-1	-1	0	0	0	1026	0	-1
1026	1009	龙章凤姿	龙章凤彩，其质天然。掷果潘郎，又兼惊才风逸。	133	4	-1	2021年情人称号	情人节活动专属称号。	0	106	0	1	-1	-1	-1	-1	-1	-1	-1	-1	-1	-1	-1	-1	-1	-1	-1	-1	-1	-1	-1	-1	-1	-1	-1	-1	-1	-1	-1	-1	-1	-1	-1	-1	0	0	0	1025	1	-1
1027	1010	痴心不忘·醉世情圣	花影摇曳蝶流连，万千宠爱集一身。	189	1	-1	2021年情人称号	万千宠爱送花榜第一名。	0	106	0	1	-1	-1	-1	-1	-1	-1	-1	-1	-1	-1	-1	-1	-1	-1	-1	-1	-1	-1	-1	-1	-1	-1	-1	-1	-1	-1	-1	-1	-1	-1	-1	-1	0	0	0	-1	-1	-1
1028	1010	韶华绮梦·玫瑰情人	花影摇曳蝶流连，万千宠爱集一身。	190	1	-1	2021年情人称号	万千宠爱收花榜第一名。	0	106	0	1	-1	-1	-1	-1	-1	-1	-1	-1	-1	-1	-1	-1	-1	-1	-1	-1	-1	-1	-1	-1	-1	-1	-1	-1	-1	-1	-1	-1	-1	-1	-1	-1	0	0	0	-1	-1	-1
1029	1011	隐语者	花灯隐语活动中解谜达人的象征。	134	1	-1	花灯隐语活动中，累计完成任务3次领取的称号。	花灯隐语活动中，累计完成任务3次领取的称号。	0	106	0	1	-1	-1	-1	-1	-1	-1	-1	-1	-1	-1	-1	-1	-1	-1	-1	-1	-1	-1	-1	-1	-1	-1	-1	-1	-1	-1	-1	-1	-1	-1	-1	-1	0	0	0	-1	-1	-1
1030	1011	谐隐雕龙	花灯隐语活动中解谜专家的象征。	134	2	-1	花灯隐语活动中，累计完成任务6次领取的称号。	花灯隐语活动中，累计完成任务6次领取的称号。	0	106	0	1	-1	-1	-1	-1	-1	-1	-1	-1	-1	-1	-1	-1	-1	-1	-1	-1	-1	-1	-1	-1	-1	-1	-1	-1	-1	-1	-1	-1	-1	-1	-1	-1	0	0	0	-1	-1	-1
1031	1011	无文隐谜踪	花灯隐语活动中解谜超人的象征。	134	3	-1	花灯隐语活动中，累计完成任务9次领取的称号。	花灯隐语活动中，累计完成任务9次领取的称号。	0	106	0	1	-1	-1	-1	-1	-1	-1	-1	-1	-1	-1	-1	-1	-1	-1	-1	-1	-1	-1	-1	-1	-1	-1	-1	-1	-1	-1	-1	-1	-1	-1	-1	-1	0	0	0	-1	-1	-1
1032	1012	英雄大会·盖世豪侠	英雄大会票选中独占鳌头。	135	4	2160	英雄大会票选中独占鳌头，夺得第一名。	英雄大会票选中夺得第1名。	1	106	9	1	0	2000	-1	-1	-1	-1	-1	-1	-1	-1	-1	-1	-1	-1	-1	-1	-1	-1	-1	-1	-1	-1	-1	-1	-1	-1	-1	-1	-1	-1	-1	-1	0	0	0	-1	-1	-1
1033	1012	英雄大会·当世名侠	英雄大会票选中成绩斐然。	135	3	2160	英雄大会票选中成绩斐然，夺得第2-3名。	英雄大会票选中夺得第2-3名。	1	106	8	1	0	1500	-1	-1	-1	-1	-1	-1	-1	-1	-1	-1	-1	-1	-1	-1	-1	-1	-1	-1	-1	-1	-1	-1	-1	-1	-1	-1	-1	-1	-1	-1	0	0	0	-1	-1	-1
1034	1013	陷阵营	斩敌夺阵，勇往直前的兵卒，战场中的主力。	136	1	-1	兵行四象专属称号	历史四象荣誉达到500点领取。	0	106	3	1	0	200	-1	-1	-1	-1	-1	-1	-1	-1	-1	-1	-1	-1	-1	-1	-1	-1	-1	-1	-1	-1	-1	-1	-1	-1	-1	-1	-1	-1	-1	-1	0	0	0	-1	-1	-1
1035	1013	骁骑军	千里单骑，冲锋陷阵的勇者，战场中的精英。	136	2	-1	兵行四象专属称号	历史四象荣誉达到2000点领取。	0	106	3	1	0	300	-1	-1	-1	-1	-1	-1	-1	-1	-1	-1	-1	-1	-1	-1	-1	-1	-1	-1	-1	-1	-1	-1	-1	-1	-1	-1	-1	-1	-1	-1	0	0	0	-1	-1	-1
1036	1013	纵横士	纵横千里，功勋卓著的将领，战场中的英才。	136	3	-1	兵行四象专属称号	历史四象荣誉达到5000点领取。	0	106	4	1	0	440	-1	-1	-1	-1	-1	-1	-1	-1	-1	-1	-1	-1	-1	-1	-1	-1	-1	-1	-1	-1	-1	-1	-1	-1	-1	-1	-1	-1	-1	-1	0	0	0	-1	-1	-1
1037	1013	百胜将	百战百胜，破敌千军的大将，战场中的核心。	136	4	-1	兵行四象专属称号	历史四象荣誉达到20000点领取。	0	106	4	1	0	600	-1	-1	-1	-1	-1	-1	-1	-1	-1	-1	-1	-1	-1	-1	-1	-1	-1	-1	-1	-1	-1	-1	-1	-1	-1	-1	-1	-1	-1	-1	0	0	0	-1	-1	-1
1038	1013	领军之帅	纵领千军，气盖山河的元帅，战场中的王者。	136	5	-1	兵行四象专属称号	历史四象荣誉达到50000点领取。	0	106	4	1	0	900	-1	-1	-1	-1	-1	-1	-1	-1	-1	-1	-1	-1	-1	-1	-1	-1	-1	-1	-1	-1	-1	-1	-1	-1	-1	-1	-1	-1	-1	-1	0	0	0	-1	-1	-1
1039	1013	国士无双	所向披靡，傲世无双的国士，战场中的主宰。	136	6	-1	兵行四象专属称号	历史四象荣誉达到100000点领取。	0	106	5	1	0	1300	-1	-1	-1	-1	-1	-1	-1	-1	-1	-1	-1	-1	-1	-1	-1	-1	-1	-1	-1	-1	-1	-1	-1	-1	-1	-1	-1	-1	-1	-1	0	0	0	-1	-1	-1
1040	1013	天下归心	群雄敬仰、天下归心的帝王，战场中的传说。	136	7	-1	兵行四象专属称号	历史四象荣誉达到200000点领取。	0	106	5	1	0	2000	-1	-1	-1	-1	-1	-1	-1	-1	-1	-1	-1	-1	-1	-1	-1	-1	-1	-1	-1	-1	-1	-1	-1	-1	-1	-1	-1	-1	-1	-1	0	0	0	-1	-1	-1
1041	1012	英雄大会·四海英杰	英雄大会票选中成绩斐然。	135	2	2160	英雄大会票选中成绩斐然，夺得4-10名。	英雄大会票选中夺得4-10名。	1	106	7	1	0	1000	-1	-1	-1	-1	-1	-1	-1	-1	-1	-1	-1	-1	-1	-1	-1	-1	-1	-1	-1	-1	-1	-1	-1	-1	-1	-1	-1	-1	-1	-1	0	0	0	-1	-1	-1
1042	1012	英雄大会·一方逍遥	英雄大会票选中成绩斐然。	135	1	2160	英雄大会票选中成绩斐然，夺得11-20名。	英雄大会票选中夺得11-20名。	1	106	6	1	0	500	-1	-1	-1	-1	-1	-1	-1	-1	-1	-1	-1	-1	-1	-1	-1	-1	-1	-1	-1	-1	-1	-1	-1	-1	-1	-1	-1	-1	-1	-1	0	0	0	-1	-1	-1
1043	1014	一世有你	2021年怀旧玩家见面会专属称号	137	1	-1	2021年怀旧玩家见面会专属称号	使用玩家伴手礼礼包后可获得。	0	106	84	1	0	3000	6	30	9	30	12	30	15	30	-1	-1	-1	-1	-1	-1	-1	-1	-1	-1	-1	-1	-1	-1	-1	-1	-1	-1	-1	-1	-1	-1	0	0	0	-1	-1	-1
1044	1015	揽锦撷芳·入骨相思	七夕满庭芳花序榜·鸳鸯梦送花榜第一名。	138	1	-1	七夕满庭芳花序榜·鸳鸯梦送花榜第一名。	七夕满庭芳花序榜·鸳鸯梦送花榜第一名获得。	0	106	14	1	-1	-1	-1	-1	-1	-1	-1	-1	-1	-1	-1	-1	-1	-1	-1	-1	-1	-1	-1	-1	-1	-1	-1	-1	-1	-1	-1	-1	-1	-1	-1	-1	0	0	0	-1	-1	-1
1045	1015	念久情长·君心我心	七夕满庭芳花序榜·鸳鸯梦收花榜第一名。	139	1	-1	七夕满庭芳花序榜·鸳鸯梦收花榜第一名。	七夕满庭芳花序榜·鸳鸯梦收花榜第一名获得。	0	106	15	1	-1	-1	-1	-1	-1	-1	-1	-1	-1	-1	-1	-1	-1	-1	-1	-1	-1	-1	-1	-1	-1	-1	-1	-1	-1	-1	-1	-1	-1	-1	-1	-1	0	0	0	-1	-1	-1
1046	1016	愿逐月华缱绻客	七夕活动期间累计收花188朵奖励称号。	140	1	-1	七夕活动期间累计收花188朵奖励称号。	七夕活动期间累计收花188朵奖励称号可获得。	0	106	13	1	-1	-1	-1	-1	-1	-1	-1	-1	-1	-1	-1	-1	-1	-1	-1	-1	-1	-1	-1	-1	-1	-1	-1	-1	-1	-1	-1	-1	-1	-1	-1	-1	0	0	0	-1	-1	-1
1047	1017	佳人影	执扇绰约佳人影，莞尔不言似梦中。	141	1	720	执扇绰约佳人影，莞尔不言似梦中。	2021年女神大赛中，通过照片初级认证审核后可获得。	1	106	10	1	-1	-1	-1	-1	-1	-1	-1	-1	-1	-1	-1	-1	-1	-1	-1	-1	-1	-1	-1	-1	-1	-1	-1	-1	-1	-1	-1	-1	-1	-1	-1	-1	0	0	0	-1	-1	-1
1048	1017	星眸顾	扇底星眸睐，一顾解相思。	142	3	-1	扇底星眸睐，一顾解相思。	2021年女神大赛中，通过远程视频认证，视频与照片需为同一人后可获得。	0	106	12	1	-1	-1	-1	-1	-1	-1	-1	-1	-1	-1	-1	-1	-1	-1	-1	-1	-1	-1	-1	-1	-1	-1	-1	-1	-1	-1	-1	-1	-1	-1	-1	-1	0	0	0	-1	-1	-1
1049	1017	万芳主	倦起缓摇扇，一笑御万芳。	143	1	-1	倦起缓摇扇，一笑御万芳。	2021年女神大赛中，高级赛区票数第一后可获得。	0	106	11	1	-1	-1	-1	-1	-1	-1	-1	-1	-1	-1	-1	-1	-1	-1	-1	-1	-1	-1	-1	-1	-1	-1	-1	-1	-1	-1	-1	-1	-1	-1	-1	-1	0	0	0	-1	-1	-1
1050	1017	佳人影	执扇绰约佳人影，莞尔不言似梦中。	141	2	2160	执扇绰约佳人影，莞尔不言似梦中。	2021年女神大赛中，通过照片初级认证审核后可获得。	1	106	10	1	-1	-1	-1	-1	-1	-1	-1	-1	-1	-1	-1	-1	-1	-1	-1	-1	-1	-1	-1	-1	-1	-1	-1	-1	-1	-1	-1	-1	-1	-1	-1	-1	0	0	0	-1	-1	-1
1051	1017	星眸顾	扇底星眸睐，一顾解相思。	142	1	1440	扇底星眸睐，一顾解相思。	2021年女神大赛中，通过远程视频认证，视频与照片需为同一人后可获得。	1	106	12	1	-1	-1	-1	-1	-1	-1	-1	-1	-1	-1	-1	-1	-1	-1	-1	-1	-1	-1	-1	-1	-1	-1	-1	-1	-1	-1	-1	-1	-1	-1	-1	-1	0	0	0	-1	-1	-1
1052	1017	星眸顾	扇底星眸睐，一顾解相思。	142	2	2160	扇底星眸睐，一顾解相思。	2021年女神大赛中，通过远程视频认证，视频与照片需为同一人后可获得。	1	106	12	1	-1	-1	-1	-1	-1	-1	-1	-1	-1	-1	-1	-1	-1	-1	-1	-1	-1	-1	-1	-1	-1	-1	-1	-1	-1	-1	-1	-1	-1	-1	-1	-1	0	0	0	-1	-1	-1
1053	1018	少林真传·罗汉	愿渡凡世恶，摧伏邪魔道。	144	1	-1	愿渡凡世恶，摧伏邪魔道。	完成武道引导任务·详参武道得真传，成为门派真传弟子后可获得。	0	106	18	1	-1	-1	-1	-1	-1	-1	-1	-1	-1	-1	-1	-1	-1	-1	-1	-1	-1	-1	-1	-1	-1	-1	-1	-1	-1	-1	-1	-1	-1	-1	-1	-1	0	0	0	-1	-1	1
1054	1018	少林真传·金刚	愿承火宅苦，慈护众生相。	144	1	-1	愿承火宅苦，慈护众生相。	完成武道引导任务·详参武道得真传，成为门派真传弟子后可获得。	0	106	18	1	-1	-1	-1	-1	-1	-1	-1	-1	-1	-1	-1	-1	-1	-1	-1	-1	-1	-1	-1	-1	-1	-1	-1	-1	-1	-1	-1	-1	-1	-1	-1	-1	0	0	0	-1	-1	1
1055	1018	明教真传·天罗	天罗织就罢，一念覆坤舆。	144	1	-1	天罗织就罢，一念覆坤舆。	完成武道引导任务·详参武道得真传，成为门派真传弟子后可获得。	0	106	18	1	-1	-1	-1	-1	-1	-1	-1	-1	-1	-1	-1	-1	-1	-1	-1	-1	-1	-1	-1	-1	-1	-1	-1	-1	-1	-1	-1	-1	-1	-1	-1	-1	0	0	0	-1	-1	1
1056	1018	明教真传·血戾	残息濒绝境，焚血戮仇雠。	144	1	-1	残息濒绝境，焚血戮仇雠。	完成武道引导任务·详参武道得真传，成为门派真传弟子后可获得。	0	106	18	1	-1	-1	-1	-1	-1	-1	-1	-1	-1	-1	-1	-1	-1	-1	-1	-1	-1	-1	-1	-1	-1	-1	-1	-1	-1	-1	-1	-1	-1	-1	-1	-1	0	0	0	-1	-1	1
1057	1018	丐帮真传·酒狂	醺然抬眼望，浩歌嘲斜阳。	144	1	-1	醺然抬眼望，浩歌嘲斜阳。	完成武道引导任务·详参武道得真传，成为门派真传弟子后可获得。	0	106	18	1	-1	-1	-1	-1	-1	-1	-1	-1	-1	-1	-1	-1	-1	-1	-1	-1	-1	-1	-1	-1	-1	-1	-1	-1	-1	-1	-1	-1	-1	-1	-1	-1	0	0	0	-1	-1	1
1058	1018	丐帮真传·行侠	一任义气满，行侠世无双。	144	1	-1	一任义气满，行侠世无双。	完成武道引导任务·详参武道得真传，成为门派真传弟子后可获得。	0	106	18	1	-1	-1	-1	-1	-1	-1	-1	-1	-1	-1	-1	-1	-1	-1	-1	-1	-1	-1	-1	-1	-1	-1	-1	-1	-1	-1	-1	-1	-1	-1	-1	-1	0	0	0	-1	-1	1
1059	1018	武当真传·凭虚	纵苇天地去，桂棹欸乃远。	144	1	-1	纵苇天地去，桂棹欸乃远。	完成武道引导任务·详参武道得真传，成为门派真传弟子后可获得。	0	106	18	1	-1	-1	-1	-1	-1	-1	-1	-1	-1	-1	-1	-1	-1	-1	-1	-1	-1	-1	-1	-1	-1	-1	-1	-1	-1	-1	-1	-1	-1	-1	-1	-1	0	0	0	-1	-1	1
1060	1018	武当真传·摘星	且摘北辰光，绿漪琼杯酿。	144	1	-1	且摘北辰光，绿漪琼杯酿。	完成武道引导任务·详参武道得真传，成为门派真传弟子后可获得。	0	106	18	1	-1	-1	-1	-1	-1	-1	-1	-1	-1	-1	-1	-1	-1	-1	-1	-1	-1	-1	-1	-1	-1	-1	-1	-1	-1	-1	-1	-1	-1	-1	-1	-1	0	0	0	-1	-1	1
1061	1018	峨嵋真传·沁芳	风回馨愈染，渲得满庭芳。	144	1	-1	风回馨愈染，渲得满庭芳。	完成武道引导任务·详参武道得真传，成为门派真传弟子后可获得。	0	106	18	1	-1	-1	-1	-1	-1	-1	-1	-1	-1	-1	-1	-1	-1	-1	-1	-1	-1	-1	-1	-1	-1	-1	-1	-1	-1	-1	-1	-1	-1	-1	-1	-1	0	0	0	-1	-1	1
1062	1018	峨嵋真传·清音	轻啼穿初晓，清泠有佳音。	144	1	-1	轻啼穿初晓，清泠有佳音。	完成武道引导任务·详参武道得真传，成为门派真传弟子后可获得。	0	106	18	1	-1	-1	-1	-1	-1	-1	-1	-1	-1	-1	-1	-1	-1	-1	-1	-1	-1	-1	-1	-1	-1	-1	-1	-1	-1	-1	-1	-1	-1	-1	-1	-1	0	0	0	-1	-1	1
1063	1018	星宿真传·寒冥	寒波渡秋雨，飞雪扰青冥。	144	1	-1	寒波渡秋雨，飞雪扰青冥。	完成武道引导任务·详参武道得真传，成为门派真传弟子后可获得。	0	106	18	1	-1	-1	-1	-1	-1	-1	-1	-1	-1	-1	-1	-1	-1	-1	-1	-1	-1	-1	-1	-1	-1	-1	-1	-1	-1	-1	-1	-1	-1	-1	-1	-1	0	0	0	-1	-1	1
1064	1018	星宿真传·九厄	九天夺星辉，厄海困凡尘。	144	1	-1	九天夺星辉，厄海困凡尘。	完成武道引导任务·详参武道得真传，成为门派真传弟子后可获得。	0	106	18	1	-1	-1	-1	-1	-1	-1	-1	-1	-1	-1	-1	-1	-1	-1	-1	-1	-1	-1	-1	-1	-1	-1	-1	-1	-1	-1	-1	-1	-1	-1	-1	-1	0	0	0	-1	-1	1
1065	1018	天龙真传·龙威	苍龙威犹在，唯我真英雄。	144	1	-1	苍龙威犹在，唯我真英雄。	完成武道引导任务·详参武道得真传，成为门派真传弟子后可获得。	0	106	18	1	-1	-1	-1	-1	-1	-1	-1	-1	-1	-1	-1	-1	-1	-1	-1	-1	-1	-1	-1	-1	-1	-1	-1	-1	-1	-1	-1	-1	-1	-1	-1	-1	0	0	0	-1	-1	1
1066	1018	天龙真传·菩天	菩提非明净，天人一念间。	144	1	-1	菩提非明净，天人一念间。	完成武道引导任务·详参武道得真传，成为门派真传弟子后可获得。	0	106	18	1	-1	-1	-1	-1	-1	-1	-1	-1	-1	-1	-1	-1	-1	-1	-1	-1	-1	-1	-1	-1	-1	-1	-1	-1	-1	-1	-1	-1	-1	-1	-1	-1	0	0	0	-1	-1	1
1067	1018	天山真传·霜凝	清晖凝寒露，冷霜拂剑身。	144	1	-1	清晖凝寒露，冷霜拂剑身。	完成武道引导任务·详参武道得真传，成为门派真传弟子后可获得。	0	106	18	1	-1	-1	-1	-1	-1	-1	-1	-1	-1	-1	-1	-1	-1	-1	-1	-1	-1	-1	-1	-1	-1	-1	-1	-1	-1	-1	-1	-1	-1	-1	-1	-1	0	0	0	-1	-1	1
1068	1018	天山真传·雪隐	寒夜不见雪，暗隐山林间。	144	1	-1	寒夜不见雪，暗隐山林间。	完成武道引导任务·详参武道得真传，成为门派真传弟子后可获得。	0	106	18	1	-1	-1	-1	-1	-1	-1	-1	-1	-1	-1	-1	-1	-1	-1	-1	-1	-1	-1	-1	-1	-1	-1	-1	-1	-1	-1	-1	-1	-1	-1	-1	-1	0	0	0	-1	-1	1
1069	1018	逍遥真传·逸仙	乘风逸四海，寻仙问长生。	144	1	-1	乘风逸四海，寻仙问长生。	完成武道引导任务·详参武道得真传，成为门派真传弟子后可获得。	0	106	18	1	-1	-1	-1	-1	-1	-1	-1	-1	-1	-1	-1	-1	-1	-1	-1	-1	-1	-1	-1	-1	-1	-1	-1	-1	-1	-1	-1	-1	-1	-1	-1	-1	0	0	0	-1	-1	1
1070	1018	逍遥真传·明鬼	世有聪明士，鬼神谓有乎？	144	1	-1	世有聪明士，鬼神谓有乎？	完成武道引导任务·详参武道得真传，成为门派真传弟子后可获得。	0	106	18	1	-1	-1	-1	-1	-1	-1	-1	-1	-1	-1	-1	-1	-1	-1	-1	-1	-1	-1	-1	-1	-1	-1	-1	-1	-1	-1	-1	-1	-1	-1	-1	-1	0	0	0	-1	-1	1
1071	1019	天龙女神·守护骑士	我愿永远，守护你的梦。	145	1	720	我愿永远，守护你的梦。	 在寻觅你的天龙意中人活动中参与社群活动，邀请两名好友进群添加八妹即可获得（限量5000份）。	1	106	16	1	-1	-1	-1	-1	-1	-1	-1	-1	-1	-1	-1	-1	-1	-1	-1	-1	-1	-1	-1	-1	-1	-1	-1	-1	-1	-1	-1	-1	-1	-1	-1	-1	0	0	0	-1	-1	-1
1072	1020	且酿陈酒·共话江湖	诉剑影，叙刀光，且将恩仇一梦酿；思故人，忆旧往，醺然共话江湖长。	146	1	-1	诉剑影，叙刀光，且将恩仇一梦酿；思故人，忆旧往，醺然共话江湖长。	“我在天龙闯江湖”故事征集活动获得。	0	106	17	1	-1	-1	-1	-1	-1	-1	-1	-1	-1	-1	-1	-1	-1	-1	-1	-1	-1	-1	-1	-1	-1	-1	-1	-1	-1	-1	-1	-1	-1	-1	-1	-1	0	0	0	-1	-1	-1
1073	1021	竹涧轻觞会知交	畅叙不觉天光易，竹影拂弦和醉歌。为参加2021年新天龙八部嘉年华活动的侠士们，特别准备的永久稀有称号。	147	1	-1	畅叙不觉天光易，竹影拂弦和醉歌。为参加2021年新天龙八部嘉年华活动的侠士们，特别准备的永久稀有称号。	成功使用天龙长舟锦盒或天龙苍鸿锦盒后获得。	0	106	19	1	-1	-1	-1	-1	-1	-1	-1	-1	-1	-1	-1	-1	-1	-1	-1	-1	-1	-1	-1	-1	-1	-1	-1	-1	-1	-1	-1	-1	-1	-1	-1	-1	0	0	0	-1	-1	-1
1074	1022	暖心小甜饼	甜美是你，温暖是你，才下齿间，又入心底。	148	1	-1	甜美是你，温暖是你，才下齿间，又入心底。	打开感恩节金瓜糯糯何处寻活动的意犹未尽礼获得。	0	106	21	1	-1	-1	-1	-1	-1	-1	-1	-1	-1	-1	-1	-1	-1	-1	-1	-1	-1	-1	-1	-1	-1	-1	-1	-1	-1	-1	-1	-1	-1	-1	-1	-1	0	0	0	-1	-1	-1
1075	1022	绝美小甜饼	震惊！这是什么绝美小甜饼！	150	1	-1	震惊！这是什么绝美小甜饼！	打开感恩节金瓜糯糯何处寻活动的心满意足礼获得。	0	106	20	1	-1	-1	-1	-1	-1	-1	-1	-1	-1	-1	-1	-1	-1	-1	-1	-1	-1	-1	-1	-1	-1	-1	-1	-1	-1	-1	-1	-1	-1	-1	-1	-1	0	0	0	-1	-1	-1
1076	1023	万夫莫敌·虎慑	万夫莫敌，屹立于长留山之巅。	151	1	2160	万夫莫敌，屹立于长留山之巅。	剑会群雄赛季结束时，处于赛季挑战榜虎慑组战队排名第1名的战队成员，可获得此称号。	1	106	22	1	-1	-1	-1	-1	-1	-1	-1	-1	-1	-1	-1	-1	-1	-1	-1	-1	-1	-1	-1	-1	-1	-1	-1	-1	-1	-1	-1	-1	-1	-1	-1	-1	0	0	0	-1	-1	-1
1077	1023	所向披靡·虎慑	所向披靡，屹立于长留山之巅。	152	1	2160	所向披靡，屹立于长留山之巅。	剑会群雄赛季结束时，处于赛季挑战榜虎慑组战队排名第2名的战队成员，可获得此称号。	1	106	23	1	-1	-1	-1	-1	-1	-1	-1	-1	-1	-1	-1	-1	-1	-1	-1	-1	-1	-1	-1	-1	-1	-1	-1	-1	-1	-1	-1	-1	-1	-1	-1	-1	0	0	0	-1	-1	-1
1078	1023	锐不可挡·虎慑	锐不可挡，屹立于长留山之巅。	153	1	2160	锐不可挡，屹立于长留山之巅。	剑会群雄赛季结束时，处于赛季挑战榜虎慑组战队排名第3名的战队成员，可获得此称号。	1	106	24	1	-1	-1	-1	-1	-1	-1	-1	-1	-1	-1	-1	-1	-1	-1	-1	-1	-1	-1	-1	-1	-1	-1	-1	-1	-1	-1	-1	-1	-1	-1	-1	-1	0	0	0	-1	-1	-1
1079	1023	独步天下·龙威	独步天下，屹立于长留山之巅。	154	1	2160	独步天下，屹立于长留山之巅。	剑会群雄赛季结束时，处于赛季挑战榜龙威组战队排名第1名的战队成员，可获得此称号。	1	106	25	1	-1	-1	-1	-1	-1	-1	-1	-1	-1	-1	-1	-1	-1	-1	-1	-1	-1	-1	-1	-1	-1	-1	-1	-1	-1	-1	-1	-1	-1	-1	-1	-1	0	0	0	-1	-1	-1
1080	1023	剑荡九州·龙威	剑荡九州，屹立于长留山之巅。	155	1	2160	剑荡九州，屹立于长留山之巅。	剑会群雄赛季结束时，处于赛季挑战榜龙威组战队排名第2名的战队成员，可获得此称号。	1	106	26	1	-1	-1	-1	-1	-1	-1	-1	-1	-1	-1	-1	-1	-1	-1	-1	-1	-1	-1	-1	-1	-1	-1	-1	-1	-1	-1	-1	-1	-1	-1	-1	-1	0	0	0	-1	-1	-1
1081	1023	剑啸一方·龙威	剑啸一方，屹立于长留山之巅。	156	1	2160	剑啸一方，屹立于长留山之巅。	剑会群雄赛季结束时，处于赛季挑战榜龙威组战队排名第3名的战队成员，可获得此称号。	1	106	27	1	-1	-1	-1	-1	-1	-1	-1	-1	-1	-1	-1	-1	-1	-1	-1	-1	-1	-1	-1	-1	-1	-1	-1	-1	-1	-1	-1	-1	-1	-1	-1	-1	0	0	0	-1	-1	-1
1082	1024	一曲证心·炽恋不移	我该用什么样的歌，颂扬你流转的目光？懵懂莽撞，炽烈昂扬。	157	1	-1	情人节浪漫奏鸣三部曲终章·天琴泪送花榜第一名。	情人节浪漫奏鸣三部曲终章·天琴泪送花榜第一名获得。	0	106	32	1	-1	-1	-1	-1	-1	-1	-1	-1	-1	-1	-1	-1	-1	-1	-1	-1	-1	-1	-1	-1	-1	-1	-1	-1	-1	-1	-1	-1	-1	-1	-1	-1	0	0	0	-1	-1	-1
1083	1024	倾世眷恋·爱之华章	我该用什么样的爱，回应你绵长的心意？今生不离，来世不移。	158	1	-1	情人节浪漫奏鸣三部曲终章·天琴泪收花榜第一名。	情人节浪漫奏鸣三部曲终章·天琴泪收花榜第一名获得。	0	106	33	1	-1	-1	-1	-1	-1	-1	-1	-1	-1	-1	-1	-1	-1	-1	-1	-1	-1	-1	-1	-1	-1	-1	-1	-1	-1	-1	-1	-1	-1	-1	-1	-1	0	0	0	-1	-1	-1
1084	1025	玫瑰歌者	手持玫瑰的歌者，在有情人心上流浪。	159	1	-1	情人节活动期间累计收花188朵奖励称号。	情人节活动期间累计收花188朵奖励称号。	0	106	31	1	-1	-1	-1	-1	-1	-1	-1	-1	-1	-1	-1	-1	-1	-1	-1	-1	-1	-1	-1	-1	-1	-1	-1	-1	-1	-1	-1	-1	-1	-1	-1	-1	0	0	0	-1	-1	-1
1085	1023	技冠群雄·鹰扬	技冠群雄，屹立于长留山之巅。	160	1	2160	技冠群雄，屹立于长留山之巅。	剑会群雄赛季结束时，处于赛季挑战榜鹰扬组战队排名第1名的战队成员，可获得此称号。	1	106	28	1	-1	-1	-1	-1	-1	-1	-1	-1	-1	-1	-1	-1	-1	-1	-1	-1	-1	-1	-1	-1	-1	-1	-1	-1	-1	-1	-1	-1	-1	-1	-1	-1	0	0	0	-1	-1	-1
1086	1023	骁勇善战·鹰扬	骁勇善战，屹立于长留山之巅。	161	1	2160	骁勇善战，屹立于长留山之巅。	剑会群雄赛季结束时，处于赛季挑战榜鹰扬组战队排名第2名的战队成员，可获得此称号。	1	106	29	1	-1	-1	-1	-1	-1	-1	-1	-1	-1	-1	-1	-1	-1	-1	-1	-1	-1	-1	-1	-1	-1	-1	-1	-1	-1	-1	-1	-1	-1	-1	-1	-1	0	0	0	-1	-1	-1
1087	1023	临锋不惧·鹰扬	临锋不惧，屹立于长留山之巅。	162	1	2160	临锋不惧，屹立于长留山之巅。	剑会群雄赛季结束时，处于赛季挑战榜鹰扬组战队排名第3名的战队成员，可获得此称号。	1	106	30	1	-1	-1	-1	-1	-1	-1	-1	-1	-1	-1	-1	-1	-1	-1	-1	-1	-1	-1	-1	-1	-1	-1	-1	-1	-1	-1	-1	-1	-1	-1	-1	-1	0	0	0	-1	-1	-1
1088	1026	言隐士	花灯隐语活动的称号奖励。解谜达人的象征。	163	1	4320	花灯隐语活动的称号奖励。解谜达人的象征。	花灯隐语活动中，完成活动任务3次领取的称号	0	106	0	1	-1	-1	-1	-1	-1	-1	-1	-1	-1	-1	-1	-1	-1	-1	-1	-1	-1	-1	-1	-1	-1	-1	-1	-1	-1	-1	-1	-1	-1	-1	-1	-1	0	0	0	-1	-1	-1
1089	1026	谜隐绣虎	花灯隐语活动的称号奖励。解谜专家的象征。	163	2	4320	花灯隐语活动的称号奖励。解谜专家的象征。	花灯隐语活动中，完成活动任务6次领取的称号	0	106	0	1	-1	-1	-1	-1	-1	-1	-1	-1	-1	-1	-1	-1	-1	-1	-1	-1	-1	-1	-1	-1	-1	-1	-1	-1	-1	-1	-1	-1	-1	-1	-1	-1	0	0	0	-1	-1	-1
1090	1026	灯隐闻潮信	花灯隐语活动的称号奖励。解谜超人的象征。	163	3	4320	花灯隐语活动的称号奖励。解谜超人的象征。	花灯隐语活动中，完成活动任务9次领取的称号	0	106	0	1	-1	-1	-1	-1	-1	-1	-1	-1	-1	-1	-1	-1	-1	-1	-1	-1	-1	-1	-1	-1	-1	-1	-1	-1	-1	-1	-1	-1	-1	-1	-1	-1	0	0	0	-1	-1	-1
1091	1027	青丘访云者	叩岩问泉，访云山中。	164	1	-1	叩岩问泉，访云山中。	使用10枚青丘佩进行兑换可以获得	0	106	0	1	6	5	9	5	12	5	15	5	-1	-1	-1	-1	-1	-1	-1	-1	-1	-1	-1	-1	-1	-1	-1	-1	-1	-1	-1	-1	-1	-1	-1	-1	0	0	0	-1	-1	-1
1092	1027	青丘沐风客	群山踏遍，高台沐风。	164	2	-1	群山踏遍，高台沐风。	使用30枚青丘佩进行兑换可以获得	0	106	0	1	6	10	9	10	12	10	15	10	-1	-1	-1	-1	-1	-1	-1	-1	-1	-1	-1	-1	-1	-1	-1	-1	-1	-1	-1	-1	-1	-1	-1	-1	0	0	0	-1	-1	-1
1093	1027	青丘饮霞卿	拢手为樽，饮霞大醉。	164	3	-1	拢手为樽，饮霞大醉。	使用90枚青丘佩进行兑换可以获得	0	106	0	1	6	15	9	15	12	15	15	15	-1	-1	-1	-1	-1	-1	-1	-1	-1	-1	-1	-1	-1	-1	-1	-1	-1	-1	-1	-1	-1	-1	-1	-1	0	0	0	-1	-1	-1
1094	1027	青丘醉梦仙	且醉且歌，恍然如梦。	164	4	-1	且醉且歌，恍然如梦。	使用180枚青丘佩进行兑换可以获得	0	106	0	1	6	20	9	20	12	20	15	20	-1	-1	-1	-1	-1	-1	-1	-1	-1	-1	-1	-1	-1	-1	-1	-1	-1	-1	-1	-1	-1	-1	-1	-1	0	0	0	-1	-1	-1
1095	1027	青丘远尘尊	远尘淡墨，倏忽山海。	164	5	-1	远尘淡墨，倏忽山海。	使用300枚青丘佩进行兑换可以获得	0	106	0	1	6	30	9	30	12	30	15	30	-1	-1	-1	-1	-1	-1	-1	-1	-1	-1	-1	-1	-1	-1	-1	-1	-1	-1	-1	-1	-1	-1	-1	-1	0	0	0	-1	-1	-1
1096	1028	少林第一人	少林外门，问鼎师门。	165	1	336	冠绝师门·问鼎中获得第1名的少侠，可获得此称号。	冠绝师门·问鼎中获得第1名的少侠，可获得此称号。	1	106	35	1	0	4000	-1	-1	-1	-1	-1	-1	-1	-1	-1	-1	-1	-1	-1	-1	-1	-1	-1	-1	-1	-1	-1	-1	-1	-1	-1	-1	-1	-1	-1	-1	0	0	0	-1	-1	1
1097	1028	少林入室第一人	少林入室，问鼎师门。	165	2	336	冠绝师门·问鼎中获得第1名的少侠，可获得此称号。	冠绝师门·问鼎中获得第1名的少侠，可获得此称号。	1	106	35	0	-1	-1	-1	-1	-1	-1	-1	-1	-1	-1	-1	-1	-1	-1	-1	-1	-1	-1	-1	-1	-1	-1	-1	-1	-1	-1	-1	-1	-1	-1	-1	-1	0	0	0	-1	-1	1
1098	1028	少林亲传第一人	少林亲传，问鼎师门。	165	3	336	冠绝师门·问鼎中获得第1名的少侠，可获得此称号。	冠绝师门·问鼎中获得第1名的少侠，可获得此称号。	1	106	35	0	-1	-1	-1	-1	-1	-1	-1	-1	-1	-1	-1	-1	-1	-1	-1	-1	-1	-1	-1	-1	-1	-1	-1	-1	-1	-1	-1	-1	-1	-1	-1	-1	0	0	0	-1	-1	1
1099	1028	武当第一人	武当外门，问鼎师门。	165	1	336	冠绝师门·问鼎中获得第1名的少侠，可获得此称号。	冠绝师门·问鼎中获得第1名的少侠，可获得此称号。	1	106	35	1	0	4000	-1	-1	-1	-1	-1	-1	-1	-1	-1	-1	-1	-1	-1	-1	-1	-1	-1	-1	-1	-1	-1	-1	-1	-1	-1	-1	-1	-1	-1	-1	0	0	0	-1	-1	1
1100	1028	武当入室第一人	武当入室，问鼎师门。	165	2	336	冠绝师门·问鼎中获得第1名的少侠，可获得此称号。	冠绝师门·问鼎中获得第1名的少侠，可获得此称号。	1	106	35	0	-1	-1	-1	-1	-1	-1	-1	-1	-1	-1	-1	-1	-1	-1	-1	-1	-1	-1	-1	-1	-1	-1	-1	-1	-1	-1	-1	-1	-1	-1	-1	-1	0	0	0	-1	-1	1
1101	1028	武当亲传第一人	武当亲传，问鼎师门。	165	3	336	冠绝师门·问鼎中获得第1名的少侠，可获得此称号。	冠绝师门·问鼎中获得第1名的少侠，可获得此称号。	1	106	35	0	-1	-1	-1	-1	-1	-1	-1	-1	-1	-1	-1	-1	-1	-1	-1	-1	-1	-1	-1	-1	-1	-1	-1	-1	-1	-1	-1	-1	-1	-1	-1	-1	0	0	0	-1	-1	1
1102	1028	峨嵋第一人	峨嵋外门，问鼎师门。	165	1	336	冠绝师门·问鼎中获得第1名的少侠，可获得此称号。	冠绝师门·问鼎中获得第1名的少侠，可获得此称号。	1	106	35	1	0	4000	-1	-1	-1	-1	-1	-1	-1	-1	-1	-1	-1	-1	-1	-1	-1	-1	-1	-1	-1	-1	-1	-1	-1	-1	-1	-1	-1	-1	-1	-1	0	0	0	-1	-1	1
1103	1028	峨嵋入室第一人	峨嵋入室，问鼎师门。	165	2	336	冠绝师门·问鼎中获得第1名的少侠，可获得此称号。	冠绝师门·问鼎中获得第1名的少侠，可获得此称号。	1	106	35	0	-1	-1	-1	-1	-1	-1	-1	-1	-1	-1	-1	-1	-1	-1	-1	-1	-1	-1	-1	-1	-1	-1	-1	-1	-1	-1	-1	-1	-1	-1	-1	-1	0	0	0	-1	-1	1
1104	1028	峨嵋亲传第一人	峨嵋亲传，问鼎师门。	165	3	336	冠绝师门·问鼎中获得第1名的少侠，可获得此称号。	冠绝师门·问鼎中获得第1名的少侠，可获得此称号。	1	106	35	0	-1	-1	-1	-1	-1	-1	-1	-1	-1	-1	-1	-1	-1	-1	-1	-1	-1	-1	-1	-1	-1	-1	-1	-1	-1	-1	-1	-1	-1	-1	-1	-1	0	0	0	-1	-1	1
1105	1028	星宿第一人	星宿外门，问鼎师门。	165	1	336	冠绝师门·问鼎中获得第1名的少侠，可获得此称号。	冠绝师门·问鼎中获得第1名的少侠，可获得此称号。	1	106	35	1	0	4000	-1	-1	-1	-1	-1	-1	-1	-1	-1	-1	-1	-1	-1	-1	-1	-1	-1	-1	-1	-1	-1	-1	-1	-1	-1	-1	-1	-1	-1	-1	0	0	0	-1	-1	1
1106	1028	星宿入室第一人	星宿入室，问鼎师门。	165	2	336	冠绝师门·问鼎中获得第1名的少侠，可获得此称号。	冠绝师门·问鼎中获得第1名的少侠，可获得此称号。	1	106	35	0	-1	-1	-1	-1	-1	-1	-1	-1	-1	-1	-1	-1	-1	-1	-1	-1	-1	-1	-1	-1	-1	-1	-1	-1	-1	-1	-1	-1	-1	-1	-1	-1	0	0	0	-1	-1	1
1107	1028	星宿亲传第一人	星宿亲传，问鼎师门。	165	3	336	冠绝师门·问鼎中获得第1名的少侠，可获得此称号。	冠绝师门·问鼎中获得第1名的少侠，可获得此称号。	1	106	35	0	-1	-1	-1	-1	-1	-1	-1	-1	-1	-1	-1	-1	-1	-1	-1	-1	-1	-1	-1	-1	-1	-1	-1	-1	-1	-1	-1	-1	-1	-1	-1	-1	0	0	0	-1	-1	1
1108	1028	明教第一人	明教外门，问鼎师门。	165	1	336	冠绝师门·问鼎中获得第1名的少侠，可获得此称号。	冠绝师门·问鼎中获得第1名的少侠，可获得此称号。	1	106	35	1	0	4000	-1	-1	-1	-1	-1	-1	-1	-1	-1	-1	-1	-1	-1	-1	-1	-1	-1	-1	-1	-1	-1	-1	-1	-1	-1	-1	-1	-1	-1	-1	0	0	0	-1	-1	1
1109	1028	明教入室第一人	明教入室，问鼎师门。	165	2	336	冠绝师门·问鼎中获得第1名的少侠，可获得此称号。	冠绝师门·问鼎中获得第1名的少侠，可获得此称号。	1	106	35	0	-1	-1	-1	-1	-1	-1	-1	-1	-1	-1	-1	-1	-1	-1	-1	-1	-1	-1	-1	-1	-1	-1	-1	-1	-1	-1	-1	-1	-1	-1	-1	-1	0	0	0	-1	-1	1
1110	1028	明教亲传第一人	明教亲传，问鼎师门。	165	3	336	冠绝师门·问鼎中获得第1名的少侠，可获得此称号。	冠绝师门·问鼎中获得第1名的少侠，可获得此称号。	1	106	35	0	-1	-1	-1	-1	-1	-1	-1	-1	-1	-1	-1	-1	-1	-1	-1	-1	-1	-1	-1	-1	-1	-1	-1	-1	-1	-1	-1	-1	-1	-1	-1	-1	0	0	0	-1	-1	1
1111	1028	天龙第一人	天龙外门，问鼎师门。	165	1	336	冠绝师门·问鼎中获得第1名的少侠，可获得此称号。	冠绝师门·问鼎中获得第1名的少侠，可获得此称号。	1	106	35	1	0	4000	-1	-1	-1	-1	-1	-1	-1	-1	-1	-1	-1	-1	-1	-1	-1	-1	-1	-1	-1	-1	-1	-1	-1	-1	-1	-1	-1	-1	-1	-1	0	0	0	-1	-1	1
1112	1028	天龙入室第一人	天龙入室，问鼎师门。	165	2	336	冠绝师门·问鼎中获得第1名的少侠，可获得此称号。	冠绝师门·问鼎中获得第1名的少侠，可获得此称号。	1	106	35	0	-1	-1	-1	-1	-1	-1	-1	-1	-1	-1	-1	-1	-1	-1	-1	-1	-1	-1	-1	-1	-1	-1	-1	-1	-1	-1	-1	-1	-1	-1	-1	-1	0	0	0	-1	-1	1
1113	1028	天龙亲传第一人	天龙亲传，问鼎师门。	165	3	336	冠绝师门·问鼎中获得第1名的少侠，可获得此称号。	冠绝师门·问鼎中获得第1名的少侠，可获得此称号。	1	106	35	0	-1	-1	-1	-1	-1	-1	-1	-1	-1	-1	-1	-1	-1	-1	-1	-1	-1	-1	-1	-1	-1	-1	-1	-1	-1	-1	-1	-1	-1	-1	-1	-1	0	0	0	-1	-1	1
1114	1028	逍遥第一人	逍遥外门，问鼎师门。	165	1	336	冠绝师门·问鼎中获得第1名的少侠，可获得此称号。	冠绝师门·问鼎中获得第1名的少侠，可获得此称号。	1	106	35	1	0	4000	-1	-1	-1	-1	-1	-1	-1	-1	-1	-1	-1	-1	-1	-1	-1	-1	-1	-1	-1	-1	-1	-1	-1	-1	-1	-1	-1	-1	-1	-1	0	0	0	-1	-1	1
1115	1028	逍遥入室第一人	逍遥入室，问鼎师门。	165	2	336	冠绝师门·问鼎中获得第1名的少侠，可获得此称号。	冠绝师门·问鼎中获得第1名的少侠，可获得此称号。	1	106	35	0	-1	-1	-1	-1	-1	-1	-1	-1	-1	-1	-1	-1	-1	-1	-1	-1	-1	-1	-1	-1	-1	-1	-1	-1	-1	-1	-1	-1	-1	-1	-1	-1	0	0	0	-1	-1	1
1116	1028	逍遥亲传第一人	逍遥亲传，问鼎师门。	165	3	336	冠绝师门·问鼎中获得第1名的少侠，可获得此称号。	冠绝师门·问鼎中获得第1名的少侠，可获得此称号。	1	106	35	0	-1	-1	-1	-1	-1	-1	-1	-1	-1	-1	-1	-1	-1	-1	-1	-1	-1	-1	-1	-1	-1	-1	-1	-1	-1	-1	-1	-1	-1	-1	-1	-1	0	0	0	-1	-1	1
1117	1028	丐帮第一人	丐帮外门，问鼎师门。	165	1	336	冠绝师门·问鼎中获得第1名的少侠，可获得此称号。	冠绝师门·问鼎中获得第1名的少侠，可获得此称号。	1	106	35	1	0	4000	-1	-1	-1	-1	-1	-1	-1	-1	-1	-1	-1	-1	-1	-1	-1	-1	-1	-1	-1	-1	-1	-1	-1	-1	-1	-1	-1	-1	-1	-1	0	0	0	-1	-1	1
1118	1028	丐帮入室第一人	丐帮入室，问鼎师门。	165	2	336	冠绝师门·问鼎中获得第1名的少侠，可获得此称号。	冠绝师门·问鼎中获得第1名的少侠，可获得此称号。	1	106	35	0	-1	-1	-1	-1	-1	-1	-1	-1	-1	-1	-1	-1	-1	-1	-1	-1	-1	-1	-1	-1	-1	-1	-1	-1	-1	-1	-1	-1	-1	-1	-1	-1	0	0	0	-1	-1	1
1119	1028	丐帮亲传第一人	丐帮亲传，问鼎师门。	165	3	336	冠绝师门·问鼎中获得第1名的少侠，可获得此称号。	冠绝师门·问鼎中获得第1名的少侠，可获得此称号。	1	106	35	0	-1	-1	-1	-1	-1	-1	-1	-1	-1	-1	-1	-1	-1	-1	-1	-1	-1	-1	-1	-1	-1	-1	-1	-1	-1	-1	-1	-1	-1	-1	-1	-1	0	0	0	-1	-1	1
1120	1028	天山第一人	天山外门，问鼎师门。	165	1	336	冠绝师门·问鼎中获得第1名的少侠，可获得此称号。	冠绝师门·问鼎中获得第1名的少侠，可获得此称号。	1	106	35	1	0	4000	-1	-1	-1	-1	-1	-1	-1	-1	-1	-1	-1	-1	-1	-1	-1	-1	-1	-1	-1	-1	-1	-1	-1	-1	-1	-1	-1	-1	-1	-1	0	0	0	-1	-1	1
1121	1028	天山入室第一人	天山入室，问鼎师门。	165	2	336	冠绝师门·问鼎中获得第1名的少侠，可获得此称号。	冠绝师门·问鼎中获得第1名的少侠，可获得此称号。	1	106	35	0	-1	-1	-1	-1	-1	-1	-1	-1	-1	-1	-1	-1	-1	-1	-1	-1	-1	-1	-1	-1	-1	-1	-1	-1	-1	-1	-1	-1	-1	-1	-1	-1	0	0	0	-1	-1	1
1122	1028	天山亲传第一人	天山亲传，问鼎师门。	165	3	336	冠绝师门·问鼎中获得第1名的少侠，可获得此称号。	冠绝师门·问鼎中获得第1名的少侠，可获得此称号。	1	106	35	0	-1	-1	-1	-1	-1	-1	-1	-1	-1	-1	-1	-1	-1	-1	-1	-1	-1	-1	-1	-1	-1	-1	-1	-1	-1	-1	-1	-1	-1	-1	-1	-1	0	0	0	-1	-1	1
1123	1028	少林凌云者	少林外门，凌云显锋。	165	1	336	冠绝师门·问鼎中获得第2名的少侠，可获得此称号。	冠绝师门·问鼎中获得第2名的少侠，可获得此称号。	1	106	36	1	0	3000	-1	-1	-1	-1	-1	-1	-1	-1	-1	-1	-1	-1	-1	-1	-1	-1	-1	-1	-1	-1	-1	-1	-1	-1	-1	-1	-1	-1	-1	-1	0	0	0	-1	-1	1
1124	1028	少林入室凌云者	少林入室，凌云显锋。	165	2	336	冠绝师门·问鼎中获得第2名的少侠，可获得此称号。	冠绝师门·问鼎中获得第2名的少侠，可获得此称号。	1	106	36	0	-1	-1	-1	-1	-1	-1	-1	-1	-1	-1	-1	-1	-1	-1	-1	-1	-1	-1	-1	-1	-1	-1	-1	-1	-1	-1	-1	-1	-1	-1	-1	-1	0	0	0	-1	-1	1
1125	1028	少林亲传凌云者	少林亲传，凌云显锋。	165	3	336	冠绝师门·问鼎中获得第2名的少侠，可获得此称号。	冠绝师门·问鼎中获得第2名的少侠，可获得此称号。	1	106	36	0	-1	-1	-1	-1	-1	-1	-1	-1	-1	-1	-1	-1	-1	-1	-1	-1	-1	-1	-1	-1	-1	-1	-1	-1	-1	-1	-1	-1	-1	-1	-1	-1	0	0	0	-1	-1	1
1126	1028	武当凌云者	武当外门，凌云显锋。	165	1	336	冠绝师门·问鼎中获得第2名的少侠，可获得此称号。	冠绝师门·问鼎中获得第2名的少侠，可获得此称号。	1	106	36	1	0	3000	-1	-1	-1	-1	-1	-1	-1	-1	-1	-1	-1	-1	-1	-1	-1	-1	-1	-1	-1	-1	-1	-1	-1	-1	-1	-1	-1	-1	-1	-1	0	0	0	-1	-1	1
1127	1028	武当入室凌云者	武当入室，凌云显锋。	165	2	336	冠绝师门·问鼎中获得第2名的少侠，可获得此称号。	冠绝师门·问鼎中获得第2名的少侠，可获得此称号。	1	106	36	0	-1	-1	-1	-1	-1	-1	-1	-1	-1	-1	-1	-1	-1	-1	-1	-1	-1	-1	-1	-1	-1	-1	-1	-1	-1	-1	-1	-1	-1	-1	-1	-1	0	0	0	-1	-1	1
1128	1028	武当亲传凌云者	武当亲传，凌云显锋。	165	3	336	冠绝师门·问鼎中获得第2名的少侠，可获得此称号。	冠绝师门·问鼎中获得第2名的少侠，可获得此称号。	1	106	36	0	-1	-1	-1	-1	-1	-1	-1	-1	-1	-1	-1	-1	-1	-1	-1	-1	-1	-1	-1	-1	-1	-1	-1	-1	-1	-1	-1	-1	-1	-1	-1	-1	0	0	0	-1	-1	1
1129	1028	峨嵋凌云者	峨嵋外门，凌云显锋。	165	1	336	冠绝师门·问鼎中获得第2名的少侠，可获得此称号。	冠绝师门·问鼎中获得第2名的少侠，可获得此称号。	1	106	36	1	0	3000	-1	-1	-1	-1	-1	-1	-1	-1	-1	-1	-1	-1	-1	-1	-1	-1	-1	-1	-1	-1	-1	-1	-1	-1	-1	-1	-1	-1	-1	-1	0	0	0	-1	-1	1
1130	1028	峨嵋入室凌云者	峨嵋入室，凌云显锋。	165	2	336	冠绝师门·问鼎中获得第2名的少侠，可获得此称号。	冠绝师门·问鼎中获得第2名的少侠，可获得此称号。	1	106	36	0	-1	-1	-1	-1	-1	-1	-1	-1	-1	-1	-1	-1	-1	-1	-1	-1	-1	-1	-1	-1	-1	-1	-1	-1	-1	-1	-1	-1	-1	-1	-1	-1	0	0	0	-1	-1	1
1131	1028	峨嵋亲传凌云者	峨嵋亲传，凌云显锋。	165	3	336	冠绝师门·问鼎中获得第2名的少侠，可获得此称号。	冠绝师门·问鼎中获得第2名的少侠，可获得此称号。	1	106	36	0	-1	-1	-1	-1	-1	-1	-1	-1	-1	-1	-1	-1	-1	-1	-1	-1	-1	-1	-1	-1	-1	-1	-1	-1	-1	-1	-1	-1	-1	-1	-1	-1	0	0	0	-1	-1	1
1132	1028	星宿凌云者	星宿外门，凌云显锋。	165	1	336	冠绝师门·问鼎中获得第2名的少侠，可获得此称号。	冠绝师门·问鼎中获得第2名的少侠，可获得此称号。	1	106	36	1	0	3000	-1	-1	-1	-1	-1	-1	-1	-1	-1	-1	-1	-1	-1	-1	-1	-1	-1	-1	-1	-1	-1	-1	-1	-1	-1	-1	-1	-1	-1	-1	0	0	0	-1	-1	1
1133	1028	星宿入室凌云者	星宿入室，凌云显锋。	165	2	336	冠绝师门·问鼎中获得第2名的少侠，可获得此称号。	冠绝师门·问鼎中获得第2名的少侠，可获得此称号。	1	106	36	0	-1	-1	-1	-1	-1	-1	-1	-1	-1	-1	-1	-1	-1	-1	-1	-1	-1	-1	-1	-1	-1	-1	-1	-1	-1	-1	-1	-1	-1	-1	-1	-1	0	0	0	-1	-1	1
1134	1028	星宿亲传凌云者	星宿亲传，凌云显锋。	165	3	336	冠绝师门·问鼎中获得第2名的少侠，可获得此称号。	冠绝师门·问鼎中获得第2名的少侠，可获得此称号。	1	106	36	0	-1	-1	-1	-1	-1	-1	-1	-1	-1	-1	-1	-1	-1	-1	-1	-1	-1	-1	-1	-1	-1	-1	-1	-1	-1	-1	-1	-1	-1	-1	-1	-1	0	0	0	-1	-1	1
1135	1028	明教凌云者	明教外门，凌云显锋。	165	1	336	冠绝师门·问鼎中获得第2名的少侠，可获得此称号。	冠绝师门·问鼎中获得第2名的少侠，可获得此称号。	1	106	36	1	0	3000	-1	-1	-1	-1	-1	-1	-1	-1	-1	-1	-1	-1	-1	-1	-1	-1	-1	-1	-1	-1	-1	-1	-1	-1	-1	-1	-1	-1	-1	-1	0	0	0	-1	-1	1
1136	1028	明教入室凌云者	明教入室，凌云显锋。	165	2	336	冠绝师门·问鼎中获得第2名的少侠，可获得此称号。	冠绝师门·问鼎中获得第2名的少侠，可获得此称号。	1	106	36	0	-1	-1	-1	-1	-1	-1	-1	-1	-1	-1	-1	-1	-1	-1	-1	-1	-1	-1	-1	-1	-1	-1	-1	-1	-1	-1	-1	-1	-1	-1	-1	-1	0	0	0	-1	-1	1
1137	1028	明教亲传凌云者	明教亲传，凌云显锋。	165	3	336	冠绝师门·问鼎中获得第2名的少侠，可获得此称号。	冠绝师门·问鼎中获得第2名的少侠，可获得此称号。	1	106	36	0	-1	-1	-1	-1	-1	-1	-1	-1	-1	-1	-1	-1	-1	-1	-1	-1	-1	-1	-1	-1	-1	-1	-1	-1	-1	-1	-1	-1	-1	-1	-1	-1	0	0	0	-1	-1	1
1138	1028	天龙凌云者	天龙外门，凌云显锋。	165	1	336	冠绝师门·问鼎中获得第2名的少侠，可获得此称号。	冠绝师门·问鼎中获得第2名的少侠，可获得此称号。	1	106	36	1	0	3000	-1	-1	-1	-1	-1	-1	-1	-1	-1	-1	-1	-1	-1	-1	-1	-1	-1	-1	-1	-1	-1	-1	-1	-1	-1	-1	-1	-1	-1	-1	0	0	0	-1	-1	1
1139	1028	天龙入室凌云者	天龙入室，凌云显锋。	165	2	336	冠绝师门·问鼎中获得第2名的少侠，可获得此称号。	冠绝师门·问鼎中获得第2名的少侠，可获得此称号。	1	106	36	0	-1	-1	-1	-1	-1	-1	-1	-1	-1	-1	-1	-1	-1	-1	-1	-1	-1	-1	-1	-1	-1	-1	-1	-1	-1	-1	-1	-1	-1	-1	-1	-1	0	0	0	-1	-1	1
1140	1028	天龙亲传凌云者	天龙亲传，凌云显锋。	165	3	336	冠绝师门·问鼎中获得第2名的少侠，可获得此称号。	冠绝师门·问鼎中获得第2名的少侠，可获得此称号。	1	106	36	0	-1	-1	-1	-1	-1	-1	-1	-1	-1	-1	-1	-1	-1	-1	-1	-1	-1	-1	-1	-1	-1	-1	-1	-1	-1	-1	-1	-1	-1	-1	-1	-1	0	0	0	-1	-1	1
1141	1028	逍遥凌云者	逍遥外门，凌云显锋。	165	1	336	冠绝师门·问鼎中获得第2名的少侠，可获得此称号。	冠绝师门·问鼎中获得第2名的少侠，可获得此称号。	1	106	36	1	0	3000	-1	-1	-1	-1	-1	-1	-1	-1	-1	-1	-1	-1	-1	-1	-1	-1	-1	-1	-1	-1	-1	-1	-1	-1	-1	-1	-1	-1	-1	-1	0	0	0	-1	-1	1
1142	1028	逍遥入室凌云者	逍遥入室，凌云显锋。	165	2	336	冠绝师门·问鼎中获得第2名的少侠，可获得此称号。	冠绝师门·问鼎中获得第2名的少侠，可获得此称号。	1	106	36	0	-1	-1	-1	-1	-1	-1	-1	-1	-1	-1	-1	-1	-1	-1	-1	-1	-1	-1	-1	-1	-1	-1	-1	-1	-1	-1	-1	-1	-1	-1	-1	-1	0	0	0	-1	-1	1
1143	1028	逍遥亲传凌云者	逍遥亲传，凌云显锋。	165	3	336	冠绝师门·问鼎中获得第2名的少侠，可获得此称号。	冠绝师门·问鼎中获得第2名的少侠，可获得此称号。	1	106	36	0	-1	-1	-1	-1	-1	-1	-1	-1	-1	-1	-1	-1	-1	-1	-1	-1	-1	-1	-1	-1	-1	-1	-1	-1	-1	-1	-1	-1	-1	-1	-1	-1	0	0	0	-1	-1	1
1144	1028	丐帮凌云者	丐帮外门，凌云显锋。	165	1	336	冠绝师门·问鼎中获得第2名的少侠，可获得此称号。	冠绝师门·问鼎中获得第2名的少侠，可获得此称号。	1	106	36	1	0	3000	-1	-1	-1	-1	-1	-1	-1	-1	-1	-1	-1	-1	-1	-1	-1	-1	-1	-1	-1	-1	-1	-1	-1	-1	-1	-1	-1	-1	-1	-1	0	0	0	-1	-1	1
1145	1028	丐帮入室凌云者	丐帮入室，凌云显锋。	165	2	336	冠绝师门·问鼎中获得第2名的少侠，可获得此称号。	冠绝师门·问鼎中获得第2名的少侠，可获得此称号。	1	106	36	0	-1	-1	-1	-1	-1	-1	-1	-1	-1	-1	-1	-1	-1	-1	-1	-1	-1	-1	-1	-1	-1	-1	-1	-1	-1	-1	-1	-1	-1	-1	-1	-1	0	0	0	-1	-1	1
1146	1028	丐帮亲传凌云者	丐帮亲传，凌云显锋。	165	3	336	冠绝师门·问鼎中获得第2名的少侠，可获得此称号。	冠绝师门·问鼎中获得第2名的少侠，可获得此称号。	1	106	36	0	-1	-1	-1	-1	-1	-1	-1	-1	-1	-1	-1	-1	-1	-1	-1	-1	-1	-1	-1	-1	-1	-1	-1	-1	-1	-1	-1	-1	-1	-1	-1	-1	0	0	0	-1	-1	1
1147	1028	天山凌云者	天山外门，凌云显锋。	165	1	336	冠绝师门·问鼎中获得第2名的少侠，可获得此称号。	冠绝师门·问鼎中获得第2名的少侠，可获得此称号。	1	106	36	1	0	3000	-1	-1	-1	-1	-1	-1	-1	-1	-1	-1	-1	-1	-1	-1	-1	-1	-1	-1	-1	-1	-1	-1	-1	-1	-1	-1	-1	-1	-1	-1	0	0	0	-1	-1	1
1148	1028	天山入室凌云者	天山入室，凌云显锋。	165	2	336	冠绝师门·问鼎中获得第2名的少侠，可获得此称号。	冠绝师门·问鼎中获得第2名的少侠，可获得此称号。	1	106	36	0	-1	-1	-1	-1	-1	-1	-1	-1	-1	-1	-1	-1	-1	-1	-1	-1	-1	-1	-1	-1	-1	-1	-1	-1	-1	-1	-1	-1	-1	-1	-1	-1	0	0	0	-1	-1	1
1149	1028	天山亲传凌云者	天山亲传，凌云显锋。	165	3	336	冠绝师门·问鼎中获得第2名的少侠，可获得此称号。	冠绝师门·问鼎中获得第2名的少侠，可获得此称号。	1	106	36	0	-1	-1	-1	-1	-1	-1	-1	-1	-1	-1	-1	-1	-1	-1	-1	-1	-1	-1	-1	-1	-1	-1	-1	-1	-1	-1	-1	-1	-1	-1	-1	-1	0	0	0	-1	-1	1
1150	1028	少林登峰者	少林外门，登峰豪志。	165	1	336	冠绝师门·问鼎中获得4强的少侠，可获得此称号。	冠绝师门·问鼎中获得4强的少侠，可获得此称号。	1	106	37	1	0	2500	-1	-1	-1	-1	-1	-1	-1	-1	-1	-1	-1	-1	-1	-1	-1	-1	-1	-1	-1	-1	-1	-1	-1	-1	-1	-1	-1	-1	-1	-1	0	0	0	-1	-1	1
1151	1028	少林入室登峰者	少林入室，登峰豪志。	165	2	336	冠绝师门·问鼎中获得4强的少侠，可获得此称号。	冠绝师门·问鼎中获得4强的少侠，可获得此称号。	1	106	37	0	-1	-1	-1	-1	-1	-1	-1	-1	-1	-1	-1	-1	-1	-1	-1	-1	-1	-1	-1	-1	-1	-1	-1	-1	-1	-1	-1	-1	-1	-1	-1	-1	0	0	0	-1	-1	1
1152	1028	少林亲传登峰者	少林亲传，登峰豪志。	165	3	336	冠绝师门·问鼎中获得4强的少侠，可获得此称号。	冠绝师门·问鼎中获得4强的少侠，可获得此称号。	1	106	37	0	-1	-1	-1	-1	-1	-1	-1	-1	-1	-1	-1	-1	-1	-1	-1	-1	-1	-1	-1	-1	-1	-1	-1	-1	-1	-1	-1	-1	-1	-1	-1	-1	0	0	0	-1	-1	1
1153	1028	武当登峰者	武当外门，登峰豪志。	165	1	336	冠绝师门·问鼎中获得4强的少侠，可获得此称号。	冠绝师门·问鼎中获得4强的少侠，可获得此称号。	1	106	37	1	0	2500	-1	-1	-1	-1	-1	-1	-1	-1	-1	-1	-1	-1	-1	-1	-1	-1	-1	-1	-1	-1	-1	-1	-1	-1	-1	-1	-1	-1	-1	-1	0	0	0	-1	-1	1
1154	1028	武当入室登峰者	武当入室，登峰豪志。	165	2	336	冠绝师门·问鼎中获得4强的少侠，可获得此称号。	冠绝师门·问鼎中获得4强的少侠，可获得此称号。	1	106	37	0	-1	-1	-1	-1	-1	-1	-1	-1	-1	-1	-1	-1	-1	-1	-1	-1	-1	-1	-1	-1	-1	-1	-1	-1	-1	-1	-1	-1	-1	-1	-1	-1	0	0	0	-1	-1	1
1155	1028	武当亲传登峰者	武当亲传，登峰豪志。	165	3	336	冠绝师门·问鼎中获得4强的少侠，可获得此称号。	冠绝师门·问鼎中获得4强的少侠，可获得此称号。	1	106	37	0	-1	-1	-1	-1	-1	-1	-1	-1	-1	-1	-1	-1	-1	-1	-1	-1	-1	-1	-1	-1	-1	-1	-1	-1	-1	-1	-1	-1	-1	-1	-1	-1	0	0	0	-1	-1	1
1156	1028	峨嵋登峰者	峨嵋外门，登峰豪志。	165	1	336	冠绝师门·问鼎中获得4强的少侠，可获得此称号。	冠绝师门·问鼎中获得4强的少侠，可获得此称号。	1	106	37	1	0	2500	-1	-1	-1	-1	-1	-1	-1	-1	-1	-1	-1	-1	-1	-1	-1	-1	-1	-1	-1	-1	-1	-1	-1	-1	-1	-1	-1	-1	-1	-1	0	0	0	-1	-1	1
1157	1028	峨嵋入室登峰者	峨嵋入室，登峰豪志。	165	2	336	冠绝师门·问鼎中获得4强的少侠，可获得此称号。	冠绝师门·问鼎中获得4强的少侠，可获得此称号。	1	106	37	0	-1	-1	-1	-1	-1	-1	-1	-1	-1	-1	-1	-1	-1	-1	-1	-1	-1	-1	-1	-1	-1	-1	-1	-1	-1	-1	-1	-1	-1	-1	-1	-1	0	0	0	-1	-1	1
1158	1028	峨嵋亲传登峰者	峨嵋亲传，登峰豪志。	165	3	336	冠绝师门·问鼎中获得4强的少侠，可获得此称号。	冠绝师门·问鼎中获得4强的少侠，可获得此称号。	1	106	37	0	-1	-1	-1	-1	-1	-1	-1	-1	-1	-1	-1	-1	-1	-1	-1	-1	-1	-1	-1	-1	-1	-1	-1	-1	-1	-1	-1	-1	-1	-1	-1	-1	0	0	0	-1	-1	1
1159	1028	星宿登峰者	星宿外门，登峰豪志。	165	1	336	冠绝师门·问鼎中获得4强的少侠，可获得此称号。	冠绝师门·问鼎中获得4强的少侠，可获得此称号。	1	106	37	1	0	2500	-1	-1	-1	-1	-1	-1	-1	-1	-1	-1	-1	-1	-1	-1	-1	-1	-1	-1	-1	-1	-1	-1	-1	-1	-1	-1	-1	-1	-1	-1	0	0	0	-1	-1	1
1160	1028	星宿入室登峰者	星宿入室，登峰豪志。	165	2	336	冠绝师门·问鼎中获得4强的少侠，可获得此称号。	冠绝师门·问鼎中获得4强的少侠，可获得此称号。	1	106	37	0	-1	-1	-1	-1	-1	-1	-1	-1	-1	-1	-1	-1	-1	-1	-1	-1	-1	-1	-1	-1	-1	-1	-1	-1	-1	-1	-1	-1	-1	-1	-1	-1	0	0	0	-1	-1	1
1161	1028	星宿亲传登峰者	星宿亲传，登峰豪志。	165	3	336	冠绝师门·问鼎中获得4强的少侠，可获得此称号。	冠绝师门·问鼎中获得4强的少侠，可获得此称号。	1	106	37	0	-1	-1	-1	-1	-1	-1	-1	-1	-1	-1	-1	-1	-1	-1	-1	-1	-1	-1	-1	-1	-1	-1	-1	-1	-1	-1	-1	-1	-1	-1	-1	-1	0	0	0	-1	-1	1
1162	1028	明教登峰者	明教外门，登峰豪志。	165	1	336	冠绝师门·问鼎中获得4强的少侠，可获得此称号。	冠绝师门·问鼎中获得4强的少侠，可获得此称号。	1	106	37	1	0	2500	-1	-1	-1	-1	-1	-1	-1	-1	-1	-1	-1	-1	-1	-1	-1	-1	-1	-1	-1	-1	-1	-1	-1	-1	-1	-1	-1	-1	-1	-1	0	0	0	-1	-1	1
1163	1028	明教入室登峰者	明教入室，登峰豪志。	165	2	336	冠绝师门·问鼎中获得4强的少侠，可获得此称号。	冠绝师门·问鼎中获得4强的少侠，可获得此称号。	1	106	37	0	-1	-1	-1	-1	-1	-1	-1	-1	-1	-1	-1	-1	-1	-1	-1	-1	-1	-1	-1	-1	-1	-1	-1	-1	-1	-1	-1	-1	-1	-1	-1	-1	0	0	0	-1	-1	1
1164	1028	明教亲传登峰者	明教亲传，登峰豪志。	165	3	336	冠绝师门·问鼎中获得4强的少侠，可获得此称号。	冠绝师门·问鼎中获得4强的少侠，可获得此称号。	1	106	37	0	-1	-1	-1	-1	-1	-1	-1	-1	-1	-1	-1	-1	-1	-1	-1	-1	-1	-1	-1	-1	-1	-1	-1	-1	-1	-1	-1	-1	-1	-1	-1	-1	0	0	0	-1	-1	1
1165	1028	天龙登峰者	天龙外门，登峰豪志。	165	1	336	冠绝师门·问鼎中获得4强的少侠，可获得此称号。	冠绝师门·问鼎中获得4强的少侠，可获得此称号。	1	106	37	1	0	2500	-1	-1	-1	-1	-1	-1	-1	-1	-1	-1	-1	-1	-1	-1	-1	-1	-1	-1	-1	-1	-1	-1	-1	-1	-1	-1	-1	-1	-1	-1	0	0	0	-1	-1	1
1166	1028	天龙入室登峰者	天龙入室，登峰豪志。	165	2	336	冠绝师门·问鼎中获得4强的少侠，可获得此称号。	冠绝师门·问鼎中获得4强的少侠，可获得此称号。	1	106	37	0	-1	-1	-1	-1	-1	-1	-1	-1	-1	-1	-1	-1	-1	-1	-1	-1	-1	-1	-1	-1	-1	-1	-1	-1	-1	-1	-1	-1	-1	-1	-1	-1	0	0	0	-1	-1	1
1167	1028	天龙亲传登峰者	天龙亲传，登峰豪志。	165	3	336	冠绝师门·问鼎中获得4强的少侠，可获得此称号。	冠绝师门·问鼎中获得4强的少侠，可获得此称号。	1	106	37	0	-1	-1	-1	-1	-1	-1	-1	-1	-1	-1	-1	-1	-1	-1	-1	-1	-1	-1	-1	-1	-1	-1	-1	-1	-1	-1	-1	-1	-1	-1	-1	-1	0	0	0	-1	-1	1
1168	1028	逍遥登峰者	逍遥外门，登峰豪志。	165	1	336	冠绝师门·问鼎中获得4强的少侠，可获得此称号。	冠绝师门·问鼎中获得4强的少侠，可获得此称号。	1	106	37	1	0	2500	-1	-1	-1	-1	-1	-1	-1	-1	-1	-1	-1	-1	-1	-1	-1	-1	-1	-1	-1	-1	-1	-1	-1	-1	-1	-1	-1	-1	-1	-1	0	0	0	-1	-1	1
1169	1028	逍遥入室登峰者	逍遥入室，登峰豪志。	165	2	336	冠绝师门·问鼎中获得4强的少侠，可获得此称号。	冠绝师门·问鼎中获得4强的少侠，可获得此称号。	1	106	37	0	-1	-1	-1	-1	-1	-1	-1	-1	-1	-1	-1	-1	-1	-1	-1	-1	-1	-1	-1	-1	-1	-1	-1	-1	-1	-1	-1	-1	-1	-1	-1	-1	0	0	0	-1	-1	1
1170	1028	逍遥亲传登峰者	逍遥亲传，登峰豪志。	165	3	336	冠绝师门·问鼎中获得4强的少侠，可获得此称号。	冠绝师门·问鼎中获得4强的少侠，可获得此称号。	1	106	37	0	-1	-1	-1	-1	-1	-1	-1	-1	-1	-1	-1	-1	-1	-1	-1	-1	-1	-1	-1	-1	-1	-1	-1	-1	-1	-1	-1	-1	-1	-1	-1	-1	0	0	0	-1	-1	1
1171	1028	丐帮登峰者	丐帮外门，登峰豪志。	165	1	336	冠绝师门·问鼎中获得4强的少侠，可获得此称号。	冠绝师门·问鼎中获得4强的少侠，可获得此称号。	1	106	37	1	0	2500	-1	-1	-1	-1	-1	-1	-1	-1	-1	-1	-1	-1	-1	-1	-1	-1	-1	-1	-1	-1	-1	-1	-1	-1	-1	-1	-1	-1	-1	-1	0	0	0	-1	-1	1
1172	1028	丐帮入室登峰者	丐帮入室，登峰豪志。	165	2	336	冠绝师门·问鼎中获得4强的少侠，可获得此称号。	冠绝师门·问鼎中获得4强的少侠，可获得此称号。	1	106	37	0	-1	-1	-1	-1	-1	-1	-1	-1	-1	-1	-1	-1	-1	-1	-1	-1	-1	-1	-1	-1	-1	-1	-1	-1	-1	-1	-1	-1	-1	-1	-1	-1	0	0	0	-1	-1	1
1173	1028	丐帮亲传登峰者	丐帮亲传，登峰豪志。	165	3	336	冠绝师门·问鼎中获得4强的少侠，可获得此称号。	冠绝师门·问鼎中获得4强的少侠，可获得此称号。	1	106	37	0	-1	-1	-1	-1	-1	-1	-1	-1	-1	-1	-1	-1	-1	-1	-1	-1	-1	-1	-1	-1	-1	-1	-1	-1	-1	-1	-1	-1	-1	-1	-1	-1	0	0	0	-1	-1	1
1174	1028	天山登峰者	天山外门，登峰豪志。	165	1	336	冠绝师门·问鼎中获得4强的少侠，可获得此称号。	冠绝师门·问鼎中获得4强的少侠，可获得此称号。	1	106	37	1	0	2500	-1	-1	-1	-1	-1	-1	-1	-1	-1	-1	-1	-1	-1	-1	-1	-1	-1	-1	-1	-1	-1	-1	-1	-1	-1	-1	-1	-1	-1	-1	0	0	0	-1	-1	1
1175	1028	天山入室登峰者	天山入室，登峰豪志。	165	2	336	冠绝师门·问鼎中获得4强的少侠，可获得此称号。	冠绝师门·问鼎中获得4强的少侠，可获得此称号。	1	106	37	0	-1	-1	-1	-1	-1	-1	-1	-1	-1	-1	-1	-1	-1	-1	-1	-1	-1	-1	-1	-1	-1	-1	-1	-1	-1	-1	-1	-1	-1	-1	-1	-1	0	0	0	-1	-1	1
1176	1028	天山亲传登峰者	天山亲传，登峰豪志。	165	3	336	冠绝师门·问鼎中获得4强的少侠，可获得此称号。	冠绝师门·问鼎中获得4强的少侠，可获得此称号。	1	106	37	0	-1	-1	-1	-1	-1	-1	-1	-1	-1	-1	-1	-1	-1	-1	-1	-1	-1	-1	-1	-1	-1	-1	-1	-1	-1	-1	-1	-1	-1	-1	-1	-1	0	0	0	-1	-1	1
1177	1035	少林大弟子	以武参禅，心外寻佛	174	1	336	冠绝师门·举贤中获得第1名的少侠，可获得此称号。	冠军师门·举贤中获第1名的少侠，可获得此称号。	1	106	34	1	-1	-1	-1	-1	-1	-1	-1	-1	-1	-1	-1	-1	-1	-1	-1	-1	-1	-1	-1	-1	-1	-1	-1	-1	-1	-1	-1	-1	-1	-1	-1	-1	0	0	0	-1	-1	1
1178	1035	少林明相大弟子	以武见禅，明心见相	174	2	336	冠绝师门·举贤中获得第1名的少侠，可获得此称号。	冠军师门·举贤中获第1名的少侠，可获得此称号。	1	106	34	0	-1	-1	-1	-1	-1	-1	-1	-1	-1	-1	-1	-1	-1	-1	-1	-1	-1	-1	-1	-1	-1	-1	-1	-1	-1	-1	-1	-1	-1	-1	-1	-1	0	0	0	-1	-1	1
1179	1035	少林入禅大弟子	以武入禅，心现佛陀	174	3	336	冠绝师门·举贤中获得第1名的少侠，可获得此称号。	冠军师门·举贤中获第1名的少侠，可获得此称号。	1	106	34	0	-1	-1	-1	-1	-1	-1	-1	-1	-1	-1	-1	-1	-1	-1	-1	-1	-1	-1	-1	-1	-1	-1	-1	-1	-1	-1	-1	-1	-1	-1	-1	-1	0	0	0	-1	-1	1
1180	1035	武当大弟子	立人之道，曰仁与义	174	1	336	冠绝师门·举贤中获得第1名的少侠，可获得此称号。	冠军师门·举贤中获第1名的少侠，可获得此称号。	1	106	34	1	-1	-1	-1	-1	-1	-1	-1	-1	-1	-1	-1	-1	-1	-1	-1	-1	-1	-1	-1	-1	-1	-1	-1	-1	-1	-1	-1	-1	-1	-1	-1	-1	0	0	0	-1	-1	1
1181	1035	武当地煞大弟子	立地之道，曰柔与刚	174	2	336	冠绝师门·举贤中获得第1名的少侠，可获得此称号。	冠军师门·举贤中获第一名的少侠，可获得此称号。	1	106	34	0	-1	-1	-1	-1	-1	-1	-1	-1	-1	-1	-1	-1	-1	-1	-1	-1	-1	-1	-1	-1	-1	-1	-1	-1	-1	-1	-1	-1	-1	-1	-1	-1	0	0	0	-1	-1	1
1182	1035	武当天罡大弟子	立天之道，曰阴与阳	174	3	336	冠绝师门·举贤中获得第1名的少侠，可获得此称号。	冠军师门·举贤中获第1名的少侠，可获得此称号。	1	106	34	0	-1	-1	-1	-1	-1	-1	-1	-1	-1	-1	-1	-1	-1	-1	-1	-1	-1	-1	-1	-1	-1	-1	-1	-1	-1	-1	-1	-1	-1	-1	-1	-1	0	0	0	-1	-1	1
1183	1035	峨嵋大弟子	俊俏峨眉，秀峰矗立	174	1	336	冠绝师门·举贤中获得第1名的少侠，可获得此称号。	冠军师门·举贤中获第1名的少侠，可获得此称号。	1	106	34	1	-1	-1	-1	-1	-1	-1	-1	-1	-1	-1	-1	-1	-1	-1	-1	-1	-1	-1	-1	-1	-1	-1	-1	-1	-1	-1	-1	-1	-1	-1	-1	-1	0	0	0	-1	-1	1
1184	1035	峨嵋飞霞大弟子	隽永峨眉，飞霞南来	174	2	336	冠绝师门·举贤中获得第1名的少侠，可获得此称号。	冠军师门·举贤中获第1名的少侠，可获得此称号。	1	106	34	0	-1	-1	-1	-1	-1	-1	-1	-1	-1	-1	-1	-1	-1	-1	-1	-1	-1	-1	-1	-1	-1	-1	-1	-1	-1	-1	-1	-1	-1	-1	-1	-1	0	0	0	-1	-1	1
1185	1035	峨嵋金顶大弟子	浩然峨眉，金顶佛光	174	3	336	冠绝师门·举贤中获得第1名的少侠，可获得此称号。	冠军师门·举贤中获第1名的少侠，可获得此称号。	1	106	34	0	-1	-1	-1	-1	-1	-1	-1	-1	-1	-1	-1	-1	-1	-1	-1	-1	-1	-1	-1	-1	-1	-1	-1	-1	-1	-1	-1	-1	-1	-1	-1	-1	0	0	0	-1	-1	1
1186	1035	星宿大弟子	用毒高手，生灵寂灭	174	1	336	冠绝师门·举贤中获得第1名的少侠，可获得此称号。	冠军师门·举贤中获第1名的少侠，可获得此称号。	1	106	34	1	-1	-1	-1	-1	-1	-1	-1	-1	-1	-1	-1	-1	-1	-1	-1	-1	-1	-1	-1	-1	-1	-1	-1	-1	-1	-1	-1	-1	-1	-1	-1	-1	0	0	0	-1	-1	1
1187	1035	星宿枯地大弟子	星宿剧毒，大地荒枯	174	2	336	冠绝师门·举贤中获得第1名的少侠，可获得此称号。	冠军师门·举贤中获第1名的少侠，可获得此称号。	1	106	34	0	-1	-1	-1	-1	-1	-1	-1	-1	-1	-1	-1	-1	-1	-1	-1	-1	-1	-1	-1	-1	-1	-1	-1	-1	-1	-1	-1	-1	-1	-1	-1	-1	0	0	0	-1	-1	1
1188	1035	星宿坠天大弟子	五毒俱全，天星陨坠	174	3	336	冠绝师门·举贤中获得第1名的少侠，可获得此称号。	冠军师门·举贤中获第1名的少侠，可获得此称号。	1	106	34	0	-1	-1	-1	-1	-1	-1	-1	-1	-1	-1	-1	-1	-1	-1	-1	-1	-1	-1	-1	-1	-1	-1	-1	-1	-1	-1	-1	-1	-1	-1	-1	-1	0	0	0	-1	-1	1
1189	1035	明教大弟子	熊熊烽火，夜中明炬	174	1	336	冠绝师门·举贤中获得第1名的少侠，可获得此称号。	冠军师门·举贤中获第1名的少侠，可获得此称号。	1	106	34	1	-1	-1	-1	-1	-1	-1	-1	-1	-1	-1	-1	-1	-1	-1	-1	-1	-1	-1	-1	-1	-1	-1	-1	-1	-1	-1	-1	-1	-1	-1	-1	-1	0	0	0	-1	-1	1
1190	1035	明教烈焰大弟子	连天烈焰，势不可挡	174	2	336	冠绝师门·举贤中获得第1名的少侠，可获得此称号。	冠军师门·举贤中获第1名的少侠，可获得此称号。	1	106	34	0	-1	-1	-1	-1	-1	-1	-1	-1	-1	-1	-1	-1	-1	-1	-1	-1	-1	-1	-1	-1	-1	-1	-1	-1	-1	-1	-1	-1	-1	-1	-1	-1	0	0	0	-1	-1	1
1191	1035	明教圣火大弟子	炼世圣火，众生俯首	174	3	336	冠绝师门·举贤中获得第1名的少侠，可获得此称号。	冠军师门·举贤中获第1名的少侠，可获得此称号。	1	106	34	0	-1	-1	-1	-1	-1	-1	-1	-1	-1	-1	-1	-1	-1	-1	-1	-1	-1	-1	-1	-1	-1	-1	-1	-1	-1	-1	-1	-1	-1	-1	-1	-1	0	0	0	-1	-1	1
1192	1035	天龙大弟子	见龙在田，万夫莫挡	174	1	336	冠绝师门·举贤中获得第1名的少侠，可获得此称号。	冠军师门·举贤中获第1名的少侠，可获得此称号。	1	106	34	1	-1	-1	-1	-1	-1	-1	-1	-1	-1	-1	-1	-1	-1	-1	-1	-1	-1	-1	-1	-1	-1	-1	-1	-1	-1	-1	-1	-1	-1	-1	-1	-1	0	0	0	-1	-1	1
1193	1035	天龙战国大弟子	龙战于野，咫尺敌国	174	2	336	冠绝师门·举贤中获得第1名的少侠，可获得此称号。	冠军师门·举贤中获第1名的少侠，可获得此称号。	1	106	34	0	-1	-1	-1	-1	-1	-1	-1	-1	-1	-1	-1	-1	-1	-1	-1	-1	-1	-1	-1	-1	-1	-1	-1	-1	-1	-1	-1	-1	-1	-1	-1	-1	0	0	0	-1	-1	1
1194	1035	天龙傲世大弟子	飞龙入天，傲然世间	174	3	336	冠绝师门·举贤中获得第1名的少侠，可获得此称号。	冠军师门·举贤中获第1名的少侠，可获得此称号。	1	106	34	0	-1	-1	-1	-1	-1	-1	-1	-1	-1	-1	-1	-1	-1	-1	-1	-1	-1	-1	-1	-1	-1	-1	-1	-1	-1	-1	-1	-1	-1	-1	-1	-1	0	0	0	-1	-1	1
1195	1035	逍遥大弟子	无愁无忧，逍遥自在	174	1	336	冠绝师门·举贤中获得第1名的少侠，可获得此称号。	冠军师门·举贤中获第1名的少侠，可获得此称号。	1	106	34	1	-1	-1	-1	-1	-1	-1	-1	-1	-1	-1	-1	-1	-1	-1	-1	-1	-1	-1	-1	-1	-1	-1	-1	-1	-1	-1	-1	-1	-1	-1	-1	-1	0	0	0	-1	-1	1
1196	1035	逍遥无我大弟子	无身无我，逍遥人间	174	2	336	冠绝师门·举贤中获得第1名的少侠，可获得此称号。	冠军师门·举贤中获第1名的少侠，可获得此称号。	1	106	34	0	-1	-1	-1	-1	-1	-1	-1	-1	-1	-1	-1	-1	-1	-1	-1	-1	-1	-1	-1	-1	-1	-1	-1	-1	-1	-1	-1	-1	-1	-1	-1	-1	0	0	0	-1	-1	1
1197	1035	逍遥无天大弟子	无法无天，逍遥无极	174	3	336	冠绝师门·举贤中获得第1名的少侠，可获得此称号。	冠军师门·举贤中获第1名的少侠，可获得此称号。	1	106	34	0	-1	-1	-1	-1	-1	-1	-1	-1	-1	-1	-1	-1	-1	-1	-1	-1	-1	-1	-1	-1	-1	-1	-1	-1	-1	-1	-1	-1	-1	-1	-1	-1	0	0	0	-1	-1	1
1198	1035	丐帮大弟子	巧力驱狼，拳脚熟稔	174	1	336	冠绝师门·举贤中获得第1名的少侠，可获得此称号。	冠军师门·举贤中获第1名的少侠，可获得此称号。	1	106	34	1	-1	-1	-1	-1	-1	-1	-1	-1	-1	-1	-1	-1	-1	-1	-1	-1	-1	-1	-1	-1	-1	-1	-1	-1	-1	-1	-1	-1	-1	-1	-1	-1	0	0	0	-1	-1	1
1199	1035	丐帮擒虎大弟子	醉中擒虎，拳脚精湛	174	2	336	冠绝师门·举贤中获得第1名的少侠，可获得此称号。	冠军师门·举贤中获第1名的少侠，可获得此称号。	1	106	34	0	-1	-1	-1	-1	-1	-1	-1	-1	-1	-1	-1	-1	-1	-1	-1	-1	-1	-1	-1	-1	-1	-1	-1	-1	-1	-1	-1	-1	-1	-1	-1	-1	0	0	0	-1	-1	1
1200	1035	丐帮降龙大弟子	酣战降龙，拳脚无双	174	3	336	冠绝师门·举贤中获得第1名的少侠，可获得此称号。	冠军师门·举贤中获第1名的少侠，可获得此称号。	1	106	34	0	-1	-1	-1	-1	-1	-1	-1	-1	-1	-1	-1	-1	-1	-1	-1	-1	-1	-1	-1	-1	-1	-1	-1	-1	-1	-1	-1	-1	-1	-1	-1	-1	0	0	0	-1	-1	1
1201	1035	天山大弟子	天山寒水，门派豪杰	174	1	336	冠绝师门·举贤中获得第1名的少侠，可获得此称号。	冠军师门·举贤中获第1名的少侠，可获得此称号。	1	106	34	1	-1	-1	-1	-1	-1	-1	-1	-1	-1	-1	-1	-1	-1	-1	-1	-1	-1	-1	-1	-1	-1	-1	-1	-1	-1	-1	-1	-1	-1	-1	-1	-1	0	0	0	-1	-1	1
1202	1035	天山清雪大弟子	天山清雪，人中龙凤	174	2	336	冠绝师门·举贤中获得第1名的少侠，可获得此称号。	冠军师门·举贤中获第1名的少侠，可获得此称号。	1	106	34	0	-1	-1	-1	-1	-1	-1	-1	-1	-1	-1	-1	-1	-1	-1	-1	-1	-1	-1	-1	-1	-1	-1	-1	-1	-1	-1	-1	-1	-1	-1	-1	-1	0	0	0	-1	-1	1
1203	1035	天山玄冰大弟子	天山玄冰，绝世天骄	174	3	336	冠绝师门·举贤中获得第1名的少侠，可获得此称号。	冠军师门·举贤中获第1名的少侠，可获得此称号。	1	106	34	0	-1	-1	-1	-1	-1	-1	-1	-1	-1	-1	-1	-1	-1	-1	-1	-1	-1	-1	-1	-1	-1	-1	-1	-1	-1	-1	-1	-1	-1	-1	-1	-1	0	0	0	-1	-1	1
1204	1029	同心同梦筑江湖	《新天龙八部》玩家策划团活动的专属称号。	166	1	720	参与《新天龙八部》玩家策划团活动可获得。	参与《新天龙八部》玩家策划团活动可获得。	1	106	38	1	-1	-1	-1	-1	-1	-1	-1	-1	-1	-1	-1	-1	-1	-1	-1	-1	-1	-1	-1	-1	-1	-1	-1	-1	-1	-1	-1	-1	-1	-1	-1	-1	0	0	0	-1	-1	-1
1205	1018	曼陀真传·晚籁	万壑含晚籁，啁啾苍翠间。	144	1	-1	万壑含晚籁，啁啾苍翠间。	完成武道引导任务·详参武道得真传，成为门派真传弟子后可获得。	0	106	18	1	-1	-1	-1	-1	-1	-1	-1	-1	-1	-1	-1	-1	-1	-1	-1	-1	-1	-1	-1	-1	-1	-1	-1	-1	-1	-1	-1	-1	-1	-1	-1	-1	0	0	0	-1	-1	1
1206	1018	曼陀真传·昭明	玄夜几时尽？翘首待昭明。	144	1	-1	玄夜几时尽？翘首待昭明。	完成武道引导任务·详参武道得真传，成为门派真传弟子后可获得。	0	106	18	1	-1	-1	-1	-1	-1	-1	-1	-1	-1	-1	-1	-1	-1	-1	-1	-1	-1	-1	-1	-1	-1	-1	-1	-1	-1	-1	-1	-1	-1	-1	-1	-1	0	0	0	-1	-1	1
1207	1028	已废弃	已废弃	180	1	168	已废弃	已废弃	1	106	34	0	-1	-1	-1	-1	-1	-1	-1	-1	-1	-1	-1	-1	-1	-1	-1	-1	-1	-1	-1	-1	-1	-1	-1	-1	-1	-1	-1	-1	-1	-1	-1	-1	0	0	0	-1	-1	1
1208	1030	雁门驱狼者	黄砂狂舞，伏虎驱狼。	167	1	-1	黄砂狂舞，伏虎驱狼。	使用2枚雁门令进行兑换可以获得	0	106	0	1	44	10	-1	-1	-1	-1	-1	-1	-1	-1	-1	-1	-1	-1	-1	-1	-1	-1	-1	-1	-1	-1	-1	-1	-1	-1	-1	-1	-1	-1	-1	-1	0	0	0	-1	-1	-1
1209	1030	雁门策鹰者	玉门路远，策鹰高歌。	167	2	-1	玉门路远，策鹰高歌。	使用10枚雁门令进行兑换可以获得	0	106	0	1	44	20	-1	-1	-1	-1	-1	-1	-1	-1	-1	-1	-1	-1	-1	-1	-1	-1	-1	-1	-1	-1	-1	-1	-1	-1	-1	-1	-1	-1	-1	-1	0	0	0	-1	-1	-1
1210	1030	雁门酣酒士	向风酣酒，负沙吟诗。	167	3	-1	向风酣酒，负沙吟诗。	使用30枚雁门令进行兑换可以获得	0	106	0	1	44	30	-1	-1	-1	-1	-1	-1	-1	-1	-1	-1	-1	-1	-1	-1	-1	-1	-1	-1	-1	-1	-1	-1	-1	-1	-1	-1	-1	-1	-1	-1	0	0	0	-1	-1	-1
1211	1030	雁门傲月客	风啸天野，孤客傲月。	167	4	-1	风啸天野，孤客傲月。	使用60枚雁门令进行兑换可以获得	0	106	0	1	44	40	-1	-1	-1	-1	-1	-1	-1	-1	-1	-1	-1	-1	-1	-1	-1	-1	-1	-1	-1	-1	-1	-1	-1	-1	-1	-1	-1	-1	-1	-1	0	0	0	-1	-1	-1
1212	1030	雁门苍漠主	无际苍漠，我主天下。	167	5	-1	无际苍漠，我主天下。	使用100枚雁门令进行兑换可以获得	0	106	0	1	44	60	-1	-1	-1	-1	-1	-1	-1	-1	-1	-1	-1	-1	-1	-1	-1	-1	-1	-1	-1	-1	-1	-1	-1	-1	-1	-1	-1	-1	-1	-1	0	0	0	-1	-1	-1
1213	1031	皎皎河汉·迢迢诉情	七夕星河花序榜·银汉渡送花榜第一名。	168	1	-1	七夕星河花序榜·银汉渡送花榜第一名。	七夕星河花序榜·银汉渡送花榜第一名获得。	0	106	39	1	-1	-1	-1	-1	-1	-1	-1	-1	-1	-1	-1	-1	-1	-1	-1	-1	-1	-1	-1	-1	-1	-1	-1	-1	-1	-1	-1	-1	-1	-1	-1	-1	0	0	0	-1	-1	-1
1214	1032	盈盈水间·朝朝慕情	七夕星河花序榜·银汉渡收花榜第一名。	169	1	-1	七夕星河花序榜·银汉渡收花榜第一名。	七夕星河花序榜·银汉渡收花榜第一名获得。	0	106	40	1	-1	-1	-1	-1	-1	-1	-1	-1	-1	-1	-1	-1	-1	-1	-1	-1	-1	-1	-1	-1	-1	-1	-1	-1	-1	-1	-1	-1	-1	-1	-1	-1	0	0	0	-1	-1	-1
1215	1033	更漏未歇一心人	七夕活动期间累计收花188朵奖励称号。	170	1	-1	七夕活动期间累计收花188朵奖励称号。	七夕活动期间累计收花188朵奖励称号可获得。	0	106	41	1	-1	-1	-1	-1	-1	-1	-1	-1	-1	-1	-1	-1	-1	-1	-1	-1	-1	-1	-1	-1	-1	-1	-1	-1	-1	-1	-1	-1	-1	-1	-1	-1	0	0	0	-1	-1	-1
1216	1034	塞外绝尘·大宗师	翻手为云，覆手为雨，在雁门论武竞速中获得第一名的队伍可领取。	171	3	168	翻手为云，覆手为雨，在雁门论武竞速中获得第一名的队伍可领取。	在雁门论武竞速中获得第一名的队伍可领取。	1	106	42	1	48	30	-1	-1	-1	-1	-1	-1	-1	-1	-1	-1	-1	-1	-1	-1	-1	-1	-1	-1	-1	-1	-1	-1	-1	-1	-1	-1	-1	-1	-1	-1	0	0	0	-1	-1	-1
1217	1034	塞外绝尘·凌霄客	凌绝天下，唯我独尊，在雁门论武竞速中获得第二名的队伍可领取。	172	2	168	凌绝天下，唯我独尊，在雁门论武竞速中获得第二名的队伍可领取。	在雁门论武竞速中获得第二名的队伍可领取。	1	106	43	1	48	20	-1	-1	-1	-1	-1	-1	-1	-1	-1	-1	-1	-1	-1	-1	-1	-1	-1	-1	-1	-1	-1	-1	-1	-1	-1	-1	-1	-1	-1	-1	0	0	0	-1	-1	-1
1218	1034	塞外绝尘·惊鸣者	宁鸣而生，不默而死，在雁门论武竞速中获得第三名的队伍可领取。	173	1	168	宁鸣而生，不默而死，在雁门论武竞速中获得第三名的队伍可领取。	在雁门论武竞速中获得第三名的队伍可领取。	1	106	44	1	48	15	-1	-1	-1	-1	-1	-1	-1	-1	-1	-1	-1	-1	-1	-1	-1	-1	-1	-1	-1	-1	-1	-1	-1	-1	-1	-1	-1	-1	-1	-1	0	0	0	-1	-1	-1
1219	1028	曼陀山庄第一人	曼陀外门，问鼎师门。	165	1	336	冠绝师门·问鼎中获得第1名的少侠，可获得此称号。	冠绝师门·问鼎中获得第1名的少侠，可获得此称号。	1	106	35	1	0	4000	-1	-1	-1	-1	-1	-1	-1	-1	-1	-1	-1	-1	-1	-1	-1	-1	-1	-1	-1	-1	-1	-1	-1	-1	-1	-1	-1	-1	-1	-1	0	0	0	-1	-1	1
1220	1028	曼陀山庄凌云者	曼陀外门，凌云显锋。	165	1	336	冠绝师门·问鼎中获得第2名的少侠，可获得此称号。	冠绝师门·问鼎中获得第2名的少侠，可获得此称号。	1	106	36	1	0	3000	-1	-1	-1	-1	-1	-1	-1	-1	-1	-1	-1	-1	-1	-1	-1	-1	-1	-1	-1	-1	-1	-1	-1	-1	-1	-1	-1	-1	-1	-1	0	0	0	-1	-1	1
1221	1028	曼陀山庄登峰者	曼陀外门，登峰豪志。	165	1	336	冠绝师门·问鼎中获得4强的少侠，可获得此称号。	冠绝师门·问鼎中获得4强的少侠，可获得此称号。	1	106	37	1	0	2500	-1	-1	-1	-1	-1	-1	-1	-1	-1	-1	-1	-1	-1	-1	-1	-1	-1	-1	-1	-1	-1	-1	-1	-1	-1	-1	-1	-1	-1	-1	0	0	0	-1	-1	1
1222	1035	曼陀大弟子	灵韵于琴，诛情与心。	174	1	336	冠绝师门·举贤中获得第1名的少侠，可获得此称号。	冠军师门·举贤中获第1名的少侠，可获得此称号。	1	106	34	1	-1	-1	-1	-1	-1	-1	-1	-1	-1	-1	-1	-1	-1	-1	-1	-1	-1	-1	-1	-1	-1	-1	-1	-1	-1	-1	-1	-1	-1	-1	-1	-1	0	0	0	-1	-1	1
1223	1036	清风觥筹遇旧友	推杯豪谈无罄时，何啻一日大千知。为参加2022年新天龙八部嘉年华活动的侠士们，特别准备的永久稀有称号。	191	1	-1	推杯豪谈无罄时，何啻一日大千知。为参加2022年新天龙八部嘉年华活动的侠士们，特别准备的永久稀有称号。	成功使用天龙明玒锦盒或天龙明玑锦盒后获得。	0	106	45	1	-1	-1	-1	-1	-1	-1	-1	-1	-1	-1	-1	-1	-1	-1	-1	-1	-1	-1	-1	-1	-1	-1	-1	-1	-1	-1	-1	-1	-1	-1	-1	-1	0	0	0	-1	-1	-1
1224	1037	破煞渡厄·头陀	既度杀星，苍生得救。在新杀星-苍山破煞获得第一名的队伍可领取。	175	1	168	所在队伍于新杀星-苍山破煞中获得第一名。	在新杀星-苍山破煞获得第一名的队伍可领取。	1	106	48	1	46	60	-1	-1	-1	-1	-1	-1	-1	-1	-1	-1	-1	-1	-1	-1	-1	-1	-1	-1	-1	-1	-1	-1	-1	-1	-1	-1	-1	-1	-1	-1	0	0	0	-1	-1	1
1225	1037	破煞渡厄·护法	既度杀星，苍生得救。在新杀星-苍山破煞获得第二名的队伍可领取。	176	1	168	所在队伍于新杀星-苍山破煞中获得第二名。	在新杀星-苍山破煞获得第二名的队伍可领取。	1	106	47	1	46	40	-1	-1	-1	-1	-1	-1	-1	-1	-1	-1	-1	-1	-1	-1	-1	-1	-1	-1	-1	-1	-1	-1	-1	-1	-1	-1	-1	-1	-1	-1	0	0	0	-1	-1	-1
1226	1037	破煞渡厄·行者	既度杀星，苍生得救。在新杀星-苍山破煞获得第三名的队伍可领取。	177	1	168	所在队伍于新杀星-苍山破煞中获得第三名。	在新杀星-苍山破煞获得第三名的队伍可领取。	1	106	46	1	46	30	-1	-1	-1	-1	-1	-1	-1	-1	-1	-1	-1	-1	-1	-1	-1	-1	-1	-1	-1	-1	-1	-1	-1	-1	-1	-1	-1	-1	-1	-1	0	0	0	-1	-1	-1
1227	1038	弦意识初心	听琴十二载，弦意识初心。2022年代言人许嵩心意礼。	178	1	-1	打开一叶知嵩礼后所得称号。	成功使用一叶知嵩礼后可得称号。	0	106	0	1	-1	-1	-1	-1	-1	-1	-1	-1	-1	-1	-1	-1	-1	-1	-1	-1	-1	-1	-1	-1	-1	-1	-1	-1	-1	-1	-1	-1	-1	-1	-1	-1	0	0	0	-1	-1	-1
1228	1039	九州豪侠同祝酒	九州豪侠聚，欢醉乐同游。打开故友重聚礼包或故友欢聚礼包所得称号。	179	1	2160	打开故友重聚礼包或故友欢聚礼包所得称号。	成功使用故友重聚礼包或故友欢聚礼包所得称号。	1	106	0	1	-1	-1	-1	-1	-1	-1	-1	-1	-1	-1	-1	-1	-1	-1	-1	-1	-1	-1	-1	-1	-1	-1	-1	-1	-1	-1	-1	-1	-1	-1	-1	-1	0	0	0	-1	-1	-1
1229	1041	$N战队队长	争霸赛，战队队长	192	3	-1	争霸赛，战队队长	组建战队后，成为队长	0	106	0	1	-1	-1	-1	-1	-1	-1	-1	-1	-1	-1	-1	-1	-1	-1	-1	-1	-1	-1	-1	-1	-1	-1	-1	-1	-1	-1	-1	-1	-1	-1	-1	-1	0	0	1	-1	-1	-1
1230	1042	$N战队副队长	争霸赛，战队副队长	192	2	-1	争霸赛，战队副队长	被任命为副队长，且当前是战队副队长	0	106	0	1	-1	-1	-1	-1	-1	-1	-1	-1	-1	-1	-1	-1	-1	-1	-1	-1	-1	-1	-1	-1	-1	-1	-1	-1	-1	-1	-1	-1	-1	-1	-1	-1	0	0	1	-1	-1	-1
1231	1043	$N战队队员	争霸赛，战队成员	192	1	-1	争霸赛，战队成员	成为战队的成员，且不是副队长	0	106	0	1	-1	-1	-1	-1	-1	-1	-1	-1	-1	-1	-1	-1	-1	-1	-1	-1	-1	-1	-1	-1	-1	-1	-1	-1	-1	-1	-1	-1	-1	-1	-1	-1	0	0	1	-1	-1	-1
1232	1044	壮志战江湖	争霸赛预选赛阶段的参与者	219	1	720	争霸赛预选赛阶段的参与者	参与争霸赛预选赛达到指定场次	1	106	49	0	-1	-1	-1	-1	-1	-1	-1	-1	-1	-1	-1	-1	-1	-1	-1	-1	-1	-1	-1	-1	-1	-1	-1	-1	-1	-1	-1	-1	-1	-1	-1	-1	0	0	0	-1	-1	-1
1233	1044	雄心图霸业	争霸赛晋级赛阶段的参与者	220	1	2160	争霸赛晋级赛阶段的参与者	参与争霸赛预选赛并成功晋级至争霸赛晋级赛	1	106	50	0	-1	-1	-1	-1	-1	-1	-1	-1	-1	-1	-1	-1	-1	-1	-1	-1	-1	-1	-1	-1	-1	-1	-1	-1	-1	-1	-1	-1	-1	-1	-1	-1	0	0	0	-1	-1	-1
1234	1044	争霸江湖·尚武侠者	初露锋芒，新晋侠士	221	1	2160	初露锋芒，新晋侠士	参与争霸赛预选赛并成功晋级至争霸赛晋级赛	1	106	0	1	48	20	-1	-1	-1	-1	-1	-1	-1	-1	-1	-1	-1	-1	-1	-1	-1	-1	-1	-1	-1	-1	-1	-1	-1	-1	-1	-1	-1	-1	-1	-1	1	9	0	-1	-1	-1
1235	1044	争霸江湖·百战精英	破敌制胜，百锻成刚	222	1	8640	破敌制胜，百锻成刚	争霸赛总决赛中，获得32强	1	106	0	1	48	30	-1	-1	-1	-1	-1	-1	-1	-1	-1	-1	-1	-1	-1	-1	-1	-1	-1	-1	-1	-1	-1	-1	-1	-1	-1	-1	-1	-1	-1	-1	1	8	0	-1	-1	-1
1236	1044	技惊一方·倚剑天骄	倚剑纵马，天之骄子	223	1	8640	倚剑纵马，天之骄子	争霸赛总决赛中，获得16强	1	106	0	1	48	40	-1	-1	-1	-1	-1	-1	-1	-1	-1	-1	-1	-1	-1	-1	-1	-1	-1	-1	-1	-1	-1	-1	-1	-1	-1	-1	-1	-1	-1	-1	1	7	0	-1	-1	-1
1237	1044	勇冠四海·武林豪杰	勇武超群，威震四海	224	1	8640	勇武超群，威震四海	争霸赛总决赛中，获得8强	1	106	0	1	48	50	-1	-1	-1	-1	-1	-1	-1	-1	-1	-1	-1	-1	-1	-1	-1	-1	-1	-1	-1	-1	-1	-1	-1	-1	-1	-1	-1	-1	-1	-1	1	6	0	-1	-1	-1
1238	1044	侠情盖世·凌云飞将	侠气凌云，豪情盖世	225	1	8640	侠气凌云，豪情盖世	争霸赛总决赛中，获得4强	1	106	0	1	48	60	-1	-1	-1	-1	-1	-1	-1	-1	-1	-1	-1	-1	-1	-1	-1	-1	-1	-1	-1	-1	-1	-1	-1	-1	-1	-1	-1	-1	-1	-1	1	5	0	-1	-1	-1
1239	1044	武略绝尘·惊天雄师	武略双绝，世之雄才	226	1	8640	武略双绝，世之雄才	争霸赛总决赛中，获得第二名	1	106	0	1	48	80	-1	-1	-1	-1	-1	-1	-1	-1	-1	-1	-1	-1	-1	-1	-1	-1	-1	-1	-1	-1	-1	-1	-1	-1	-1	-1	-1	-1	-1	-1	1	4	0	-1	-1	-1
1240	1044	天下霸主·九霄神军	独霸九霄，神军天降	227	1	8640	独霸九霄，神军天降	争霸赛总决赛中，获得第一名	1	106	0	1	48	100	-1	-1	-1	-1	-1	-1	-1	-1	-1	-1	-1	-1	-1	-1	-1	-1	-1	-1	-1	-1	-1	-1	-1	-1	-1	-1	-1	-1	-1	-1	1	3	0	-1	-1	-1
1241	1045	科举状元	学识渊博，在科举考试中力压群儒！	194	4	168	科举取得第一名。	科举取得第一名。	1	106	49	1	48	20	-1	-1	-1	-1	-1	-1	-1	-1	-1	-1	-1	-1	-1	-1	-1	-1	-1	-1	-1	-1	-1	-1	-1	-1	-1	-1	-1	-1	-1	-1	0	0	0	-1	-1	-1
1242	1045	科举榜眼	学识过人，在科举考试中获得第二！	194	3	168	科举取得第二名。	科举取得第二名。	1	106	0	1	48	15	-1	-1	-1	-1	-1	-1	-1	-1	-1	-1	-1	-1	-1	-1	-1	-1	-1	-1	-1	-1	-1	-1	-1	-1	-1	-1	-1	-1	-1	-1	0	0	0	-1	-1	-1
1243	1045	科举探花	学识过人，在科举考试中获得第三！	194	2	168	科举取得第三名。	科举取得第三名。	1	106	0	1	48	10	-1	-1	-1	-1	-1	-1	-1	-1	-1	-1	-1	-1	-1	-1	-1	-1	-1	-1	-1	-1	-1	-1	-1	-1	-1	-1	-1	-1	-1	-1	0	0	0	-1	-1	-1
1244	1046	隐诗官	花灯隐语活动中解谜达人的象征。	195	1	4320	花灯隐语活动中，累计完成任务3次领取的称号。	花灯隐语活动中，累计完成任务3次领取的称号。	1	106	0	1	-1	-1	-1	-1	-1	-1	-1	-1	-1	-1	-1	-1	-1	-1	-1	-1	-1	-1	-1	-1	-1	-1	-1	-1	-1	-1	-1	-1	-1	-1	-1	-1	0	0	0	-1	-1	-1
1245	1046	卦隐辞杰	花灯隐语活动中解谜专家的象征。	195	2	4320	花灯隐语活动中，累计完成任务6次领取的称号。	花灯隐语活动中，累计完成任务6次领取的称号。	1	106	0	1	-1	-1	-1	-1	-1	-1	-1	-1	-1	-1	-1	-1	-1	-1	-1	-1	-1	-1	-1	-1	-1	-1	-1	-1	-1	-1	-1	-1	-1	-1	-1	-1	0	0	0	-1	-1	-1
1246	1046	地谜隐天机	花灯隐语活动中解谜超人的象征。	195	3	4320	花灯隐语活动中，累计完成任务9次领取的称号。	花灯隐语活动中，累计完成任务9次领取的称号。	1	106	0	1	-1	-1	-1	-1	-1	-1	-1	-1	-1	-1	-1	-1	-1	-1	-1	-1	-1	-1	-1	-1	-1	-1	-1	-1	-1	-1	-1	-1	-1	-1	-1	-1	0	0	0	-1	-1	-1
1247	1047	妙笔生花	参加公众号、贴吧、论坛、同城/门派群内活动，获得的称号。	198	3	720	玩家通过公众号、贴吧、论坛、同城/门派群内的活动获得。	玩家通过公众号、贴吧、论坛、同城/门派群内的活动获得。	1	106	50	1	-1	-1	-1	-1	-1	-1	-1	-1	-1	-1	-1	-1	-1	-1	-1	-1	-1	-1	-1	-1	-1	-1	-1	-1	-1	-1	-1	-1	-1	-1	-1	-1	0	0	0	-1	-1	-1
1248	1048	山海相约·真心无悔	我该用什么样的文字，记录你永世不变的悠长爱意？山巅天涯，隽望真情。	199	1	-1	情人节浪漫奏鸣三部曲送花榜第一名。	情人节浪漫奏鸣三部曲送花榜第一名获得。	0	106	32	1	-1	-1	-1	-1	-1	-1	-1	-1	-1	-1	-1	-1	-1	-1	-1	-1	-1	-1	-1	-1	-1	-1	-1	-1	-1	-1	-1	-1	-1	-1	-1	-1	0	0	0	-1	-1	-1
1249	1048	天地可鉴·情深似海	我该用什么样的恋语，道尽你无穷无尽的似海深情？誓言难易，真爱永存。	200	1	-1	情人节浪漫奏鸣三部曲收花榜第一名。	情人节浪漫奏鸣三部曲收花榜第一名获得。	0	106	33	1	-1	-1	-1	-1	-1	-1	-1	-1	-1	-1	-1	-1	-1	-1	-1	-1	-1	-1	-1	-1	-1	-1	-1	-1	-1	-1	-1	-1	-1	-1	-1	-1	0	0	0	-1	-1	-1
1250	1049	情之所钟	与你一同遥望远方的玫瑰盛开，与你一起吟唱月下的恋曲欢歌。	201	1	-1	情人节活动期间累计收花188朵奖励称号。	情人节活动期间累计收花188朵奖励称号。	0	106	31	1	-1	-1	-1	-1	-1	-1	-1	-1	-1	-1	-1	-1	-1	-1	-1	-1	-1	-1	-1	-1	-1	-1	-1	-1	-1	-1	-1	-1	-1	-1	-1	-1	0	0	0	-1	-1	-1
1251	1045	科举进士	学识过人，在科举考试中获得第四至十名！	194	1	168	科举取得第四至十名。	科举取得第四至十名。	1	106	0	1	48	5	-1	-1	-1	-1	-1	-1	-1	-1	-1	-1	-1	-1	-1	-1	-1	-1	-1	-1	-1	-1	-1	-1	-1	-1	-1	-1	-1	-1	-1	-1	0	0	0	-1	-1	-1
1252	1050	$N的夫君·纸婚	郎才女貌，情投意合。	202	1	-1	夫妻	夫妻结婚时间达到30天，前往洛阳（40,52）卿小小处领取。	0	107	51	1	-1	-1	-1	-1	-1	-1	-1	-1	-1	-1	-1	-1	-1	-1	-1	-1	-1	-1	-1	-1	-1	-1	-1	-1	-1	-1	-1	-1	-1	-1	-1	-1	0	0	1	-1	-1	-1
1253	1050	$N的夫君·木婚	良缘美满，天作之合。	202	2	-1	夫妻	夫妻结婚时间达到60天，前往洛阳（40,52）卿小小处领取。	0	107	52	1	-1	-1	-1	-1	-1	-1	-1	-1	-1	-1	-1	-1	-1	-1	-1	-1	-1	-1	-1	-1	-1	-1	-1	-1	-1	-1	-1	-1	-1	-1	-1	-1	0	0	1	-1	-1	-1
1254	1050	已废弃可占用	已废弃可占用	202	3	-1	已废弃可占用	已废弃可占用	0	107	0	0	-1	-1	-1	-1	-1	-1	-1	-1	-1	-1	-1	-1	-1	-1	-1	-1	-1	-1	-1	-1	-1	-1	-1	-1	-1	-1	-1	-1	-1	-1	-1	-1	0	0	0	-1	-1	-1
1255	1050	$N的夫君·花边婚	花好月圆，珠联璧合。	202	4	-1	夫妻	夫妻结婚时间达到100天，前往洛阳（40,52）卿小小处领取。	0	107	54	1	-1	-1	-1	-1	-1	-1	-1	-1	-1	-1	-1	-1	-1	-1	-1	-1	-1	-1	-1	-1	-1	-1	-1	-1	-1	-1	-1	-1	-1	-1	-1	-1	0	0	1	-1	-1	-1
1256	1050	$N的夫君·水晶婚	福禄鸳鸯，百年好合。	202	5	-1	夫妻	夫妻结婚时间达到180天，前往洛阳（40,52）卿小小处领取。	0	107	55	1	-1	-1	-1	-1	-1	-1	-1	-1	-1	-1	-1	-1	-1	-1	-1	-1	-1	-1	-1	-1	-1	-1	-1	-1	-1	-1	-1	-1	-1	-1	-1	-1	0	0	1	-1	-1	-1
1257	1050	$N的夫君·银婚	花开并蒂，琴瑟和鸣。	202	6	-1	夫妻	夫妻结婚时间达到365天，前往洛阳（40,52）卿小小处领取。	0	107	56	1	-1	-1	-1	-1	-1	-1	-1	-1	-1	-1	-1	-1	-1	-1	-1	-1	-1	-1	-1	-1	-1	-1	-1	-1	-1	-1	-1	-1	-1	-1	-1	-1	0	0	1	-1	-1	-1
1258	1050	$N的夫君·金婚	有情成眷，永结同心。	202	7	-1	夫妻	夫妻结婚时间达到540天，前往洛阳（40,52）卿小小处领取。	0	107	57	1	-1	-1	-1	-1	-1	-1	-1	-1	-1	-1	-1	-1	-1	-1	-1	-1	-1	-1	-1	-1	-1	-1	-1	-1	-1	-1	-1	-1	-1	-1	-1	-1	0	0	1	-1	-1	-1
1259	1050	$N的夫君·翠玉婚	心心相印，终身之盟。	202	8	-1	夫妻	夫妻结婚时间达到730天，前往洛阳（40,52）卿小小处领取。	0	107	58	1	-1	-1	-1	-1	-1	-1	-1	-1	-1	-1	-1	-1	-1	-1	-1	-1	-1	-1	-1	-1	-1	-1	-1	-1	-1	-1	-1	-1	-1	-1	-1	-1	0	0	1	-1	-1	-1
1260	1050	$N的夫君·钻石婚	前世注定，缘定三生。	202	9	-1	夫妻	夫妻结婚时间达到1095天，前往洛阳（40,52）卿小小处领取。	0	107	59	1	-1	-1	-1	-1	-1	-1	-1	-1	-1	-1	-1	-1	-1	-1	-1	-1	-1	-1	-1	-1	-1	-1	-1	-1	-1	-1	-1	-1	-1	-1	-1	-1	0	0	1	-1	-1	-1
1261	1050	$N的娘子·纸婚	郎才女貌，情投意合。	202	10	-1	夫妻	夫妻结婚时间达到30天，前往洛阳（40,52）卿小小处领取。	0	107	51	1	-1	-1	-1	-1	-1	-1	-1	-1	-1	-1	-1	-1	-1	-1	-1	-1	-1	-1	-1	-1	-1	-1	-1	-1	-1	-1	-1	-1	-1	-1	-1	-1	0	0	1	-1	-1	-1
1262	1050	$N的娘子·木婚	良缘美满，天作之合。	202	11	-1	夫妻	夫妻结婚时间达到60天，前往洛阳（40,52）卿小小处领取。	0	107	52	1	-1	-1	-1	-1	-1	-1	-1	-1	-1	-1	-1	-1	-1	-1	-1	-1	-1	-1	-1	-1	-1	-1	-1	-1	-1	-1	-1	-1	-1	-1	-1	-1	0	0	1	-1	-1	-1
1263	1050	已废弃可占用	已废弃可占用	202	18	-1	已废弃可占用	已废弃可占用	0	107	0	0	-1	-1	-1	-1	-1	-1	-1	-1	-1	-1	-1	-1	-1	-1	-1	-1	-1	-1	-1	-1	-1	-1	-1	-1	-1	-1	-1	-1	-1	-1	-1	-1	0	0	0	-1	-1	-1
1264	1050	$N	结成伴侣后的专属称号，寄托了双方最真挚的感情。	203	1	-1	夫妻	侠士在与伴侣结成夫妻后，可前往洛阳（40,52）卿小小处领取。	0	106	0	1	-1	-1	-1	-1	-1	-1	-1	-1	-1	-1	-1	-1	-1	-1	-1	-1	-1	-1	-1	-1	-1	-1	-1	-1	-1	-1	-1	-1	-1	-1	-1	-1	0	0	1	-1	-1	-1
1265	1050	$N的娘子·花边婚	花好月圆，珠联璧合。	202	12	-1	夫妻	夫妻结婚时间达到100天，前往洛阳（40,52）卿小小处领取。	0	107	54	1	-1	-1	-1	-1	-1	-1	-1	-1	-1	-1	-1	-1	-1	-1	-1	-1	-1	-1	-1	-1	-1	-1	-1	-1	-1	-1	-1	-1	-1	-1	-1	-1	0	0	1	-1	-1	-1
1266	1050	$N的娘子·水晶婚	福禄鸳鸯，百年好合。	202	13	-1	夫妻	夫妻结婚时间达到180天，前往洛阳（40,52）卿小小处领取。	0	107	55	1	-1	-1	-1	-1	-1	-1	-1	-1	-1	-1	-1	-1	-1	-1	-1	-1	-1	-1	-1	-1	-1	-1	-1	-1	-1	-1	-1	-1	-1	-1	-1	-1	0	0	1	-1	-1	-1
1267	1050	$N的娘子·银婚	花开并蒂，琴瑟和鸣。	202	14	-1	夫妻	夫妻结婚时间达到365天，前往洛阳（40,52）卿小小处领取。	0	107	56	1	-1	-1	-1	-1	-1	-1	-1	-1	-1	-1	-1	-1	-1	-1	-1	-1	-1	-1	-1	-1	-1	-1	-1	-1	-1	-1	-1	-1	-1	-1	-1	-1	0	0	1	-1	-1	-1
1268	1050	$N的娘子·金婚	有情成眷，永结同心。	202	15	-1	夫妻	夫妻结婚时间达到540天，前往洛阳（40,52）卿小小处领取。	0	107	57	1	-1	-1	-1	-1	-1	-1	-1	-1	-1	-1	-1	-1	-1	-1	-1	-1	-1	-1	-1	-1	-1	-1	-1	-1	-1	-1	-1	-1	-1	-1	-1	-1	0	0	1	-1	-1	-1
1269	1050	$N的娘子·翠玉婚	心心相印，终身之盟。	202	16	-1	夫妻	夫妻结婚时间达到730天，前往洛阳（40,52）卿小小处领取。	0	107	58	1	-1	-1	-1	-1	-1	-1	-1	-1	-1	-1	-1	-1	-1	-1	-1	-1	-1	-1	-1	-1	-1	-1	-1	-1	-1	-1	-1	-1	-1	-1	-1	-1	0	0	1	-1	-1	-1
1270	1050	$N的娘子·钻石婚	前世注定，缘定三生。	202	17	-1	夫妻	夫妻结婚时间达到1095天，前往洛阳（40,52）卿小小处领取。	0	107	59	1	-1	-1	-1	-1	-1	-1	-1	-1	-1	-1	-1	-1	-1	-1	-1	-1	-1	-1	-1	-1	-1	-1	-1	-1	-1	-1	-1	-1	-1	-1	-1	-1	0	0	1	-1	-1	-1
1271	1051	琴剑齐鸣动天地	弦动九霄外，剑荡青崖间。在弦音会武中获得第一名的队伍可领取。	204	1	336	弦动九霄外，剑荡青崖间。在弦音会武中获得第一名的队伍可领取。	在弦音会武中获得第一名。	1	106	65	1	-1	-1	-1	-1	-1	-1	-1	-1	-1	-1	-1	-1	-1	-1	-1	-1	-1	-1	-1	-1	-1	-1	-1	-1	-1	-1	-1	-1	-1	-1	-1	-1	0	0	0	-1	-1	-1
1272	1052	桴鼓相应会知音	一剑破琴意，携手入红尘。在弦音会武中获得第二到三名的队伍可领取。	205	1	336	一剑破琴意，携手入红尘。在弦音会武中获得第二到三名的队伍可领取。	在弦音会武中获得第二到三名。	1	106	66	1	-1	-1	-1	-1	-1	-1	-1	-1	-1	-1	-1	-1	-1	-1	-1	-1	-1	-1	-1	-1	-1	-1	-1	-1	-1	-1	-1	-1	-1	-1	-1	-1	0	0	0	-1	-1	-1
1273	1053	声气相通有灵犀	灵犀忆旧曲，挽剑踏弦音。在弦音会武中获得第四到十名的队伍可领取。	206	1	336	灵犀忆旧曲，挽剑踏弦音。在弦音会武中获得第四到十名的队伍可领取。	在弦音会武中获得第四到十名。	1	106	67	1	-1	-1	-1	-1	-1	-1	-1	-1	-1	-1	-1	-1	-1	-1	-1	-1	-1	-1	-1	-1	-1	-1	-1	-1	-1	-1	-1	-1	-1	-1	-1	-1	0	0	0	-1	-1	-1
1274	1054	拾花起相思	刀剑问情活动中获胜的主办人	208	1	8760	刀剑问情称号	刀剑问情·投票阶段票数第一的主办人。	1	106	62	1	-1	-1	-1	-1	-1	-1	-1	-1	-1	-1	-1	-1	-1	-1	-1	-1	-1	-1	-1	-1	-1	-1	-1	-1	-1	-1	-1	-1	-1	-1	-1	-1	0	0	0	-1	-1	-1
1275	1055	剑舞情花落	刀剑问情活动中获胜者	209	1	8760	刀剑问情称号	参与刀剑问情活动，并在刀剑问情·献武阶段获得胜利。	1	106	64	1	-1	-1	-1	-1	-1	-1	-1	-1	-1	-1	-1	-1	-1	-1	-1	-1	-1	-1	-1	-1	-1	-1	-1	-1	-1	-1	-1	-1	-1	-1	-1	-1	0	0	0	-1	-1	-1
1276	1056	已废弃可占用	已废弃可占用	210	1	-1	已废弃可占用	已废弃可占用	1	106	0	0	-1	-1	-1	-1	-1	-1	-1	-1	-1	-1	-1	-1	-1	-1	-1	-1	-1	-1	-1	-1	-1	-1	-1	-1	-1	-1	-1	-1	-1	-1	-1	-1	0	0	0	-1	-1	-1
1277	1057	我是天龙亿万分之一	《新天龙八部》端游XTVB“亿万人的武侠梦”合作纪念称号。	211	1	-1	TVB运营活动称号	在洛阳小电视处查看亿万人的武侠梦后获得此称号。	0	113	60	1	-1	-1	-1	-1	-1	-1	-1	-1	-1	-1	-1	-1	-1	-1	-1	-1	-1	-1	-1	-1	-1	-1	-1	-1	-1	-1	-1	-1	-1	-1	-1	-1	0	0	0	-1	-1	-1
1278	1058	共灵犀·江湖执手	执手入江湖活动第一名	242	3	336	执手入江湖活动称号	在执手入江湖活动获得第一名后获得此称号	1	106	70	1	-1	-1	-1	-1	-1	-1	-1	-1	-1	-1	-1	-1	-1	-1	-1	-1	-1	-1	-1	-1	-1	-1	-1	-1	-1	-1	-1	-1	-1	-1	-1	-1	0	0	0	-1	-1	-1
1279	1058	问灵犀·江湖相知	执手入江湖活动第二、三名	243	2	336	执手入江湖活动称号	在执手入江湖活动获得第二、三名后获得此称号	1	106	69	1	-1	-1	-1	-1	-1	-1	-1	-1	-1	-1	-1	-1	-1	-1	-1	-1	-1	-1	-1	-1	-1	-1	-1	-1	-1	-1	-1	-1	-1	-1	-1	-1	0	0	0	-1	-1	-1
1280	1058	盼灵犀·江湖同行	执手入江湖活动第四至十名	212	1	336	执手入江湖活动称号	在执手入江湖活动获得第四至十名后获得此称号	1	106	68	1	-1	-1	-1	-1	-1	-1	-1	-1	-1	-1	-1	-1	-1	-1	-1	-1	-1	-1	-1	-1	-1	-1	-1	-1	-1	-1	-1	-1	-1	-1	-1	-1	0	0	0	-1	-1	-1
1281	1059	山海共鉴同心缘	山海共鉴结缘日，同心此生共与渡。	213	1	-1	同心玉佩达到12000可在同心阁兑换兑换	同心玉佩达到12000可兑换	0	106	61	1	48	5	-1	-1	-1	-1	-1	-1	-1	-1	-1	-1	-1	-1	-1	-1	-1	-1	-1	-1	-1	-1	-1	-1	-1	-1	-1	-1	-1	-1	-1	-1	0	0	0	-1	-1	-1
1282	1060	此唱彼和共意趣	高山知流水，琴曲共剑心。在弦音会武中获得第十一到五十名的队伍可领取。	214	1	336	高山知流水，琴曲共剑心。在弦音会武中获得第十一到五十名的队伍可领取。	在弦音会武中获得第十一到五十名。	1	106	0	1	-1	-1	-1	-1	-1	-1	-1	-1	-1	-1	-1	-1	-1	-1	-1	-1	-1	-1	-1	-1	-1	-1	-1	-1	-1	-1	-1	-1	-1	-1	-1	-1	0	0	0	-1	-1	-1
1283	1061	愿灵犀·江湖初见	执手入江湖活动成功登上江湖灵犀榜	215	1	336	执手入江湖活动称号	执手入江湖活动成功登上江湖灵犀榜	1	106	0	1	-1	-1	-1	-1	-1	-1	-1	-1	-1	-1	-1	-1	-1	-1	-1	-1	-1	-1	-1	-1	-1	-1	-1	-1	-1	-1	-1	-1	-1	-1	-1	-1	0	0	0	-1	-1	-1
1284	1062	银河寄梦·万古相思	七夕星河花序榜·花好月圆送花第一名。	216	1	-1	七夕星河花序榜·花好月圆送花第一名。	七夕星河花序榜·花好月圆送花第一名获得。	0	106	39	1	-1	-1	-1	-1	-1	-1	-1	-1	-1	-1	-1	-1	-1	-1	-1	-1	-1	-1	-1	-1	-1	-1	-1	-1	-1	-1	-1	-1	-1	-1	-1	-1	0	0	0	-1	-1	-1
1285	1062	星月交辉·千秋倾慕	七夕星河花序榜·花好月圆收花第一名。	217	1	-1	七夕星河花序榜·花好月圆收花第一名。	七夕星河花序榜·花好月圆收花第一名获得。	0	106	40	1	-1	-1	-1	-1	-1	-1	-1	-1	-1	-1	-1	-1	-1	-1	-1	-1	-1	-1	-1	-1	-1	-1	-1	-1	-1	-1	-1	-1	-1	-1	-1	-1	0	0	0	-1	-1	-1
1286	1062	初会便已许平生	七夕活动期间累计收花188朵奖励称号。	218	1	-1	七夕活动期间累计收花188朵奖励称号。	七夕活动期间累计收花188朵奖励称号。	0	106	41	1	-1	-1	-1	-1	-1	-1	-1	-1	-1	-1	-1	-1	-1	-1	-1	-1	-1	-1	-1	-1	-1	-1	-1	-1	-1	-1	-1	-1	-1	-1	-1	-1	0	0	0	-1	-1	-1
1287	1063	春风笑语桃花仙	刀剑问情活动中选出的金玉主办人	228	1	8760	参与刀剑问情的活动，并成功自荐为金玉主办人。	参与刀剑问情的活动，并成功自荐为金玉主办人。	1	106	72	1	-1	-1	-1	-1	-1	-1	-1	-1	-1	-1	-1	-1	-1	-1	-1	-1	-1	-1	-1	-1	-1	-1	-1	-1	-1	-1	-1	-1	-1	-1	-1	-1	0	0	0	-1	-1	-1
1288	1064	长歌剑影怀情客	刀剑问情·金玉活动中获胜者	229	1	8760	参与刀剑问情·金玉的挑战，并在献武阶段获得胜利。	参与刀剑问情·金玉的挑战，并在献武阶段获得胜利。	1	106	71	1	-1	-1	-1	-1	-1	-1	-1	-1	-1	-1	-1	-1	-1	-1	-1	-1	-1	-1	-1	-1	-1	-1	-1	-1	-1	-1	-1	-1	-1	-1	-1	-1	0	0	0	-1	-1	-1
1289	1056	一世有你	2023年怀旧玩家见面会专属称号	230	1	-1	2023年怀旧玩家见面会专属称号	使用玩家伴手礼礼包后可获得。	0	106	84	1	-1	-1	-1	-1	-1	-1	-1	-1	-1	-1	-1	-1	-1	-1	-1	-1	-1	-1	-1	-1	-1	-1	-1	-1	-1	-1	-1	-1	-1	-1	-1	-1	0	0	0	-1	-1	-1
1290	1065	鹊桥同赏星河舞	双星同许鹊桥会，星汉旋舞共此时。2023年七夕活动通过双人预约获得。	231	1	-1	2023年七夕新服预约称号	2023年七夕通过双人预约新服获得。	0	106	50	1	-1	-1	-1	-1	-1	-1	-1	-1	-1	-1	-1	-1	-1	-1	-1	-1	-1	-1	-1	-1	-1	-1	-1	-1	-1	-1	-1	-1	-1	-1	-1	-1	0	0	0	-1	-1	-1
1291	1066	朗月真君	2023年《新天龙八部》天龙颜值天团活动限定称号。	232	1	-1	2023年天龙颜值天团活动中男神第一名	2023年天龙颜值天团活动中男神第一名	0	106	74	1	-1	-1	-1	-1	-1	-1	-1	-1	-1	-1	-1	-1	-1	-1	-1	-1	-1	-1	-1	-1	-1	-1	-1	-1	-1	-1	-1	-1	-1	-1	-1	-1	0	0	0	1295	1	-1
1292	1066	无双君子	2023年《新天龙八部》天龙颜值天团活动限定称号。	238	1	-1	2023年天龙颜值天团活动中男神第2~100名	2023年天龙颜值天团活动中男神第2~100名	0	106	77	1	-1	-1	-1	-1	-1	-1	-1	-1	-1	-1	-1	-1	-1	-1	-1	-1	-1	-1	-1	-1	-1	-1	-1	-1	-1	-1	-1	-1	-1	-1	-1	-1	0	0	0	1296	1	-1
1293	1066	无双君子	2023年《新天龙八部》天龙颜值天团活动限定称号。	233	1	720	2023年天龙颜值天团活动中男神第2~100名	2023年天龙颜值天团活动中男神第2~100名	1	106	77	1	-1	-1	-1	-1	-1	-1	-1	-1	-1	-1	-1	-1	-1	-1	-1	-1	-1	-1	-1	-1	-1	-1	-1	-1	-1	-1	-1	-1	-1	-1	-1	-1	0	0	0	1297	1	-1
1294	1066	翩翩公子	2023年《新天龙八部》天龙颜值天团活动限定称号。	234	1	720	2023年天龙颜值天团活动中男神初级赛区奖励	2023年天龙颜值天团活动中男神初级赛区奖励	1	106	78	1	-1	-1	-1	-1	-1	-1	-1	-1	-1	-1	-1	-1	-1	-1	-1	-1	-1	-1	-1	-1	-1	-1	-1	-1	-1	-1	-1	-1	-1	-1	-1	-1	0	0	0	1298	1	-1
1295	1067	凌波仙子	2023年《新天龙八部》天龙颜值天团活动限定称号。	235	1	-1	2023年天龙颜值天团活动中女神第一名	2023年天龙颜值天团活动中女神第一名	0	106	75	1	-1	-1	-1	-1	-1	-1	-1	-1	-1	-1	-1	-1	-1	-1	-1	-1	-1	-1	-1	-1	-1	-1	-1	-1	-1	-1	-1	-1	-1	-1	-1	-1	0	0	0	1291	0	-1
1296	1067	倾城佳人	2023年《新天龙八部》天龙颜值天团活动限定称号。	239	1	-1	2023年天龙颜值天团活动中女神第2~100名	2023年天龙颜值天团活动中女神第2~100名	0	106	76	1	-1	-1	-1	-1	-1	-1	-1	-1	-1	-1	-1	-1	-1	-1	-1	-1	-1	-1	-1	-1	-1	-1	-1	-1	-1	-1	-1	-1	-1	-1	-1	-1	0	0	0	1292	0	-1
1297	1067	倾城佳人	2023年《新天龙八部》天龙颜值天团活动限定称号。	236	1	720	2023年天龙颜值天团活动中女神第2~100名	2023年天龙颜值天团活动中女神第2~100名	1	106	76	1	-1	-1	-1	-1	-1	-1	-1	-1	-1	-1	-1	-1	-1	-1	-1	-1	-1	-1	-1	-1	-1	-1	-1	-1	-1	-1	-1	-1	-1	-1	-1	-1	0	0	0	1293	0	-1
1298	1067	出尘丽人	2023年《新天龙八部》天龙颜值天团活动限定称号。	237	1	720	2023年天龙颜值天团活动中女神初级赛区奖励	2023年天龙颜值天团活动中女神初级赛区奖励	1	106	73	1	-1	-1	-1	-1	-1	-1	-1	-1	-1	-1	-1	-1	-1	-1	-1	-1	-1	-1	-1	-1	-1	-1	-1	-1	-1	-1	-1	-1	-1	-1	-1	-1	0	0	0	1294	0	-1
1299	1068	入梦寻微者	梦境寻访，见微知著。	240	1	-1	梦境寻访，见微知著。	通过10个梦境币兑换可以获得	0	106	0	1	35	70	-1	-1	-1	-1	-1	-1	-1	-1	-1	-1	-1	-1	-1	-1	-1	-1	-1	-1	-1	-1	-1	-1	-1	-1	-1	-1	-1	-1	-1	-1	0	0	0	-1	-1	-1
1300	1068	探梦独行人	深梦独往，一探究竟。	240	2	-1	深梦独往，一探究竟。	通过30个梦境币兑换可以获得	0	106	0	1	35	150	-1	-1	-1	-1	-1	-1	-1	-1	-1	-1	-1	-1	-1	-1	-1	-1	-1	-1	-1	-1	-1	-1	-1	-1	-1	-1	-1	-1	-1	-1	0	0	0	-1	-1	-1
1301	1068	牵梦诉情客	魂牵梦绕，诉尽真情。	240	3	-1	魂牵梦绕，诉尽真情。	通过90个梦境币兑换可以获得	0	106	0	1	35	250	-1	-1	-1	-1	-1	-1	-1	-1	-1	-1	-1	-1	-1	-1	-1	-1	-1	-1	-1	-1	-1	-1	-1	-1	-1	-1	-1	-1	-1	-1	0	0	0	-1	-1	-1
1302	1068	拾梦浮生君	梦中残忆，恍如浮生。	240	4	-1	梦中残忆，恍如浮生。	通过180个梦境币兑换可以获得	0	106	0	1	35	400	-1	-1	-1	-1	-1	-1	-1	-1	-1	-1	-1	-1	-1	-1	-1	-1	-1	-1	-1	-1	-1	-1	-1	-1	-1	-1	-1	-1	-1	-1	0	0	0	-1	-1	-1
1303	1068	解梦因缘仙	梦起缘法，了然因果。	240	5	-1	梦起缘法，了然因果。	通过300个梦境币兑换可以获得	0	106	0	1	35	600	-1	-1	-1	-1	-1	-1	-1	-1	-1	-1	-1	-1	-1	-1	-1	-1	-1	-1	-1	-1	-1	-1	-1	-1	-1	-1	-1	-1	-1	-1	0	0	0	-1	-1	-1
1304	1069	雁关决意者	意决无间，弓刀血满。	241	1	-1	意决无间，弓刀血满。	使用2枚渡业念珠进行兑换可以获得	0	106	0	1	37	5	-1	-1	-1	-1	-1	-1	-1	-1	-1	-1	-1	-1	-1	-1	-1	-1	-1	-1	-1	-1	-1	-1	-1	-1	-1	-1	-1	-1	-1	-1	0	0	0	-1	-1	-1
1305	1069	雁关断念人	苍夜悲风，独孤侠行。	241	2	-1	苍夜悲风，独孤侠行。	使用10枚渡业念珠进行兑换可以获得	0	106	0	1	37	8	-1	-1	-1	-1	-1	-1	-1	-1	-1	-1	-1	-1	-1	-1	-1	-1	-1	-1	-1	-1	-1	-1	-1	-1	-1	-1	-1	-1	-1	-1	0	0	0	-1	-1	-1
1306	1069	雁关解业士	造业千万，循善为解。	241	3	-1	造业千万，循善为解。	使用30枚渡业念珠进行兑换可以获得	0	106	0	1	37	12	-1	-1	-1	-1	-1	-1	-1	-1	-1	-1	-1	-1	-1	-1	-1	-1	-1	-1	-1	-1	-1	-1	-1	-1	-1	-1	-1	-1	-1	-1	0	0	0	-1	-1	-1
1307	1069	雁关斩魄客	障孽遮天，吴钩斩魄。	241	4	-1	障孽遮天，吴钩斩魄。	使用60枚渡业念珠进行兑换可以获得	0	106	0	1	37	18	-1	-1	-1	-1	-1	-1	-1	-1	-1	-1	-1	-1	-1	-1	-1	-1	-1	-1	-1	-1	-1	-1	-1	-1	-1	-1	-1	-1	-1	-1	0	0	0	-1	-1	-1
1308	1069	雁关凌绝侠	千魔百鬼，难阻尔行。	241	5	-1	千魔百鬼，难阻尔行。	使用100枚渡业念珠进行兑换可以获得	0	106	0	1	37	25	-1	-1	-1	-1	-1	-1	-1	-1	-1	-1	-1	-1	-1	-1	-1	-1	-1	-1	-1	-1	-1	-1	-1	-1	-1	-1	-1	-1	-1	-1	0	0	0	-1	-1	-1
1309	1070	梦起天龙与你湘聚	推杯豪谈无罄时，何啻一日大千知。为参加2023天龙八部嘉年华活动的侠士们，特别准备的永久稀有称号。	244	1	-1	推杯豪谈无罄时，何啻一日大千知。为参加2023天龙八部嘉年华活动的侠士们，特别准备的永久稀有称号。	从2023年天龙八部嘉年华中获得	0	106	80	1	-1	-1	-1	-1	-1	-1	-1	-1	-1	-1	-1	-1	-1	-1	-1	-1	-1	-1	-1	-1	-1	-1	-1	-1	-1	-1	-1	-1	-1	-1	-1	-1	0	0	0	-1	-1	-1
1310	1071	$N战队队长	剑会群雄，战队队长	245	3	-1	剑会群雄，战队队长	组建战队后，成为队长	0	106	0	1	-1	-1	-1	-1	-1	-1	-1	-1	-1	-1	-1	-1	-1	-1	-1	-1	-1	-1	-1	-1	-1	-1	-1	-1	-1	-1	-1	-1	-1	-1	-1	-1	0	0	1	-1	-1	-1
1311	1072	$N战队副队长	剑会群雄，战队副队长	245	2	-1	剑会群雄，战队副队长	被任命为副队长，且当前是战队副队长	0	106	0	1	-1	-1	-1	-1	-1	-1	-1	-1	-1	-1	-1	-1	-1	-1	-1	-1	-1	-1	-1	-1	-1	-1	-1	-1	-1	-1	-1	-1	-1	-1	-1	-1	0	0	1	-1	-1	-1
1312	1073	$N战队队员	剑会群雄，战队队员	245	1	-1	剑会群雄，战队队员	成为战队的成员，且不是副队长	0	106	0	1	-1	-1	-1	-1	-1	-1	-1	-1	-1	-1	-1	-1	-1	-1	-1	-1	-1	-1	-1	-1	-1	-1	-1	-1	-1	-1	-1	-1	-1	-1	-1	-1	0	0	1	-1	-1	-1
1313	1074	幕星词客	花灯隐语活动中解谜学士的象征。	246	1	4320	花灯隐语活动中，累计完成任务3次领取的称号。	花灯隐语活动中，累计完成任务3次领取的称号。	1	106	0	1	-1	-1	-1	-1	-1	-1	-1	-1	-1	-1	-1	-1	-1	-1	-1	-1	-1	-1	-1	-1	-1	-1	-1	-1	-1	-1	-1	-1	-1	-1	-1	-1	0	0	0	-1	-1	-1
1314	1074	月上贤卿	花灯隐语活动中解谜大师的象征。	246	2	4320	花灯隐语活动中，累计完成任务6次领取的称号。	花灯隐语活动中，累计完成任务6次领取的称号。	1	106	0	1	-1	-1	-1	-1	-1	-1	-1	-1	-1	-1	-1	-1	-1	-1	-1	-1	-1	-1	-1	-1	-1	-1	-1	-1	-1	-1	-1	-1	-1	-1	-1	-1	0	0	0	-1	-1	-1
1315	1074	鸿儒硕辅	花灯隐语活动中解谜巨儒的象征。	246	3	4320	花灯隐语活动中，累计完成任务9次领取的称号。	花灯隐语活动中，累计完成任务9次领取的称号。	1	106	0	1	-1	-1	-1	-1	-1	-1	-1	-1	-1	-1	-1	-1	-1	-1	-1	-1	-1	-1	-1	-1	-1	-1	-1	-1	-1	-1	-1	-1	-1	-1	-1	-1	0	0	0	-1	-1	-1
1316	1075	微光之星·明星达人	微光之星·明星达人专属奖励称号。	247	1	2160	在年度微光之星评选活动中，获得聚光奖项。	在年度微光之星评选活动中，获得聚光奖项。	1	106	81	-1	-1	-1	-1	-1	-1	-1	-1	-1	-1	-1	-1	-1	-1	-1	-1	-1	-1	-1	-1	-1	-1	-1	-1	-1	-1	-1	-1	-1	-1	-1	-1	-1	0	0	0	-1	-1	-1
1317	1076	临仙·侍谷门徒	百谷为尊，愈疗于食。临仙楼低阶门生所佩戴称号。	248	1	-1	势力身份	临仙楼4级门生可获得此称号。	0	106	0	1	-1	-1	-1	-1	-1	-1	-1	-1	-1	-1	-1	-1	-1	-1	-1	-1	-1	-1	-1	-1	-1	-1	-1	-1	-1	-1	-1	-1	-1	-1	-1	-1	0	0	0	-1	-1	-1
1318	1076	临仙·丰饶膳翁	百谷为尊，愈疗于食。临仙楼中阶门生所佩戴称号。	248	2	-1	势力身份	临仙楼7级门生可获得此称号。	0	106	0	1	-1	-1	-1	-1	-1	-1	-1	-1	-1	-1	-1	-1	-1	-1	-1	-1	-1	-1	-1	-1	-1	-1	-1	-1	-1	-1	-1	-1	-1	-1	-1	-1	0	0	0	-1	-1	-1
1319	1076	临仙·祝和食神	百谷为尊，愈疗于食。临仙楼高阶门生所佩戴称号。	248	3	-1	势力身份	临仙楼10级门生可获得此称号。	0	106	0	1	-1	-1	-1	-1	-1	-1	-1	-1	-1	-1	-1	-1	-1	-1	-1	-1	-1	-1	-1	-1	-1	-1	-1	-1	-1	-1	-1	-1	-1	-1	-1	-1	0	0	0	-1	-1	-1
1320	1076	悬壶·断疾医徒	神农大慈，博济天下。悬壶斋低阶门生所佩戴称号。	249	1	-1	势力身份	悬壶斋4级门生可获得此称号。	0	106	0	1	-1	-1	-1	-1	-1	-1	-1	-1	-1	-1	-1	-1	-1	-1	-1	-1	-1	-1	-1	-1	-1	-1	-1	-1	-1	-1	-1	-1	-1	-1	-1	-1	0	0	0	-1	-1	-1
1321	1076	悬壶·妙手医仙	神农大慈，博济天下。悬壶斋中阶门生所佩戴称号。	249	2	-1	势力身份	悬壶斋7级门生可获得此称号。	0	106	0	1	-1	-1	-1	-1	-1	-1	-1	-1	-1	-1	-1	-1	-1	-1	-1	-1	-1	-1	-1	-1	-1	-1	-1	-1	-1	-1	-1	-1	-1	-1	-1	-1	0	0	0	-1	-1	-1
1322	1076	悬壶·济世医圣	神农大慈，博济天下。悬壶斋高阶门生所佩戴称号。	249	3	-1	势力身份	悬壶斋10级门生可获得此称号。	0	106	0	1	-1	-1	-1	-1	-1	-1	-1	-1	-1	-1	-1	-1	-1	-1	-1	-1	-1	-1	-1	-1	-1	-1	-1	-1	-1	-1	-1	-1	-1	-1	-1	-1	0	0	0	-1	-1	-1
1323	1076	铸权·锻铁门徒	锻丝铸铁，让权于世。铸权宗低阶门生所佩戴称号。	250	1	-1	势力身份	铸权宗4级门生可获得此称号。	0	106	0	1	-1	-1	-1	-1	-1	-1	-1	-1	-1	-1	-1	-1	-1	-1	-1	-1	-1	-1	-1	-1	-1	-1	-1	-1	-1	-1	-1	-1	-1	-1	-1	-1	0	0	0	-1	-1	-1
1324	1076	铸权·熔古匠工	锻丝铸铁，让权于世。铸权宗中阶门生所佩戴称号。	250	2	-1	势力身份	铸权宗7级门生可获得此称号。	0	106	0	1	-1	-1	-1	-1	-1	-1	-1	-1	-1	-1	-1	-1	-1	-1	-1	-1	-1	-1	-1	-1	-1	-1	-1	-1	-1	-1	-1	-1	-1	-1	-1	-1	0	0	0	-1	-1	-1
1325	1076	铸权·大冶宗师	锻丝铸铁，让权于世。铸权宗高阶门生所佩戴称号。	250	3	-1	势力身份	铸权宗10级门生可获得此称号。	0	106	0	1	-1	-1	-1	-1	-1	-1	-1	-1	-1	-1	-1	-1	-1	-1	-1	-1	-1	-1	-1	-1	-1	-1	-1	-1	-1	-1	-1	-1	-1	-1	-1	-1	0	0	0	-1	-1	-1
1326	1076	拙巧·择木工徒	大木千机，巧宗万变。拙巧堂低阶门生所佩戴称号。	251	1	-1	势力身份	拙巧堂4级门生可获得此称号。	0	106	0	1	-1	-1	-1	-1	-1	-1	-1	-1	-1	-1	-1	-1	-1	-1	-1	-1	-1	-1	-1	-1	-1	-1	-1	-1	-1	-1	-1	-1	-1	-1	-1	-1	0	0	0	-1	-1	-1
1327	1076	拙巧·雕山仙客	大木千机，巧宗万变。拙巧堂中阶门生所佩戴称号。	251	2	-1	势力身份	拙巧堂7级门生可获得此称号。	0	106	0	1	-1	-1	-1	-1	-1	-1	-1	-1	-1	-1	-1	-1	-1	-1	-1	-1	-1	-1	-1	-1	-1	-1	-1	-1	-1	-1	-1	-1	-1	-1	-1	-1	0	0	0	-1	-1	-1
1328	1076	拙巧·造物天公	大木千机，巧宗万变。拙巧堂高阶门生所佩戴称号。	251	3	-1	势力身份	拙巧堂10级门生可获得此称号。	0	106	0	1	-1	-1	-1	-1	-1	-1	-1	-1	-1	-1	-1	-1	-1	-1	-1	-1	-1	-1	-1	-1	-1	-1	-1	-1	-1	-1	-1	-1	-1	-1	-1	-1	0	0	0	-1	-1	-1
1329	1077	食不可挡	临仙出手，美食我有！加入临仙楼的新门徒所获得的特殊称号。	252	1	-1	临仙楼趣味称号	首次加入临仙楼的门徒即可获得此称号。	0	106	0	1	-1	-1	-1	-1	-1	-1	-1	-1	-1	-1	-1	-1	-1	-1	-1	-1	-1	-1	-1	-1	-1	-1	-1	-1	-1	-1	-1	-1	-1	-1	-1	-1	0	0	0	-1	-1	-1
1330	1077	药药领先	群山迢迢，草药难找！加入悬壶斋的新门徒所获得的特殊称号。	252	2	-1	悬壶斋趣味称号	首次加入悬壶斋的门徒即可获得此称号。	0	106	0	1	-1	-1	-1	-1	-1	-1	-1	-1	-1	-1	-1	-1	-1	-1	-1	-1	-1	-1	-1	-1	-1	-1	-1	-1	-1	-1	-1	-1	-1	-1	-1	-1	0	0	0	-1	-1	-1
1331	1077	冶冶拿铁	大锤拔丝，小锤嘶嘶。加入铸权宗的新门徒所获得的特殊称号。	252	3	-1	铸权宗趣味称号	首次加入铸权宗的门徒即可获得此称号。	0	106	0	1	-1	-1	-1	-1	-1	-1	-1	-1	-1	-1	-1	-1	-1	-1	-1	-1	-1	-1	-1	-1	-1	-1	-1	-1	-1	-1	-1	-1	-1	-1	-1	-1	0	0	0	-1	-1	-1
1332	1077	木有扳法	山有木兮木有枝，都能机巧君不知。加入拙巧堂的新门徒所获得的特殊称号。	252	4	-1	拙巧堂趣味称号	首次加入拙巧堂的门徒即可获得此称号。	0	106	0	1	-1	-1	-1	-1	-1	-1	-1	-1	-1	-1	-1	-1	-1	-1	-1	-1	-1	-1	-1	-1	-1	-1	-1	-1	-1	-1	-1	-1	-1	-1	-1	-1	0	0	0	-1	-1	-1
1333	1078	纵横龙塔无双客	遥望龙影闻龙吟，侠立巅峰气凌云。	253	1	168	在龙影古塔活动中，夺得锁龙塔3层宝箱方可激活。	在龙影古塔活动中，夺得锁龙塔3层宝箱方可激活。	1	106	0	1	0	2000	-1	-1	-1	-1	-1	-1	-1	-1	-1	-1	-1	-1	-1	-1	-1	-1	-1	-1	-1	-1	-1	-1	-1	-1	-1	-1	-1	-1	-1	-1	0	0	0	-1	-1	-1
1334	1078	意决龙塔豪侠士	剑纵古塔月色寒，落影沙场血未干。	254	1	168	在龙影古塔活动中，夺得锁龙塔2层宝箱或镇魔塔4层宝箱方可激活。	在龙影古塔活动中，夺得锁龙塔2层宝箱或镇魔塔4层宝箱方可激活。	1	106	0	1	0	1000	-1	-1	-1	-1	-1	-1	-1	-1	-1	-1	-1	-1	-1	-1	-1	-1	-1	-1	-1	-1	-1	-1	-1	-1	-1	-1	-1	-1	-1	-1	0	0	0	-1	-1	-1
1335	1079	妙语连珠	巧语绽盈莲，佳句落玉盘。	255	4	2160	参与我在天龙赚大钱活动获得。 	参与我在天龙赚大钱活动获得。 	1	106	0	1	-1	-1	-1	-1	-1	-1	-1	-1	-1	-1	-1	-1	-1	-1	-1	-1	-1	-1	-1	-1	-1	-1	-1	-1	-1	-1	-1	-1	-1	-1	-1	-1	0	0	0	-1	-1	-1
1336	1079	妙语连珠	巧语绽盈莲，佳句落玉盘。	255	3	1440	参与我在天龙赚大钱活动获得。 	参与我在天龙赚大钱活动获得。 	1	106	0	1	-1	-1	-1	-1	-1	-1	-1	-1	-1	-1	-1	-1	-1	-1	-1	-1	-1	-1	-1	-1	-1	-1	-1	-1	-1	-1	-1	-1	-1	-1	-1	-1	0	0	0	-1	-1	-1
1337	1079	妙语连珠	巧语绽盈莲，佳句落玉盘。	255	2	720	参与我在天龙赚大钱活动获得。 	参与我在天龙赚大钱活动获得。 	1	106	0	1	-1	-1	-1	-1	-1	-1	-1	-1	-1	-1	-1	-1	-1	-1	-1	-1	-1	-1	-1	-1	-1	-1	-1	-1	-1	-1	-1	-1	-1	-1	-1	-1	0	0	0	-1	-1	-1
1338	1079	妙语连珠	巧语绽盈莲，佳句落玉盘。	255	1	360	参与我在天龙赚大钱活动获得。 	参与我在天龙赚大钱活动获得。 	1	106	0	1	-1	-1	-1	-1	-1	-1	-1	-1	-1	-1	-1	-1	-1	-1	-1	-1	-1	-1	-1	-1	-1	-1	-1	-1	-1	-1	-1	-1	-1	-1	-1	-1	0	0	0	-1	-1	-1
1339	1080	此生相逢	怀旧玩家见面会专属称号	256	1	-1	怀旧玩家见面会专属称号	使用江湖有你礼包后可获得。	0	106	84	1	-1	-1	-1	-1	-1	-1	-1	-1	-1	-1	-1	-1	-1	-1	-1	-1	-1	-1	-1	-1	-1	-1	-1	-1	-1	-1	-1	-1	-1	-1	-1	-1	0	0	0	-1	-1	-1
1340	1081	风华为少年	流年韶景顾，风华为少年。	257	1	24	韶景流年活动称号	韶景流年活动称号	1	106	50	1	-1	-1	-1	-1	-1	-1	-1	-1	-1	-1	-1	-1	-1	-1	-1	-1	-1	-1	-1	-1	-1	-1	-1	-1	-1	-1	-1	-1	-1	-1	-1	-1	0	0	0	-1	-1	-1
1341	1081	桃李正年华	流年韶景顾，桃李正年华。	258	1	24	韶景流年活动称号	韶景流年活动称号	1	106	50	1	-1	-1	-1	-1	-1	-1	-1	-1	-1	-1	-1	-1	-1	-1	-1	-1	-1	-1	-1	-1	-1	-1	-1	-1	-1	-1	-1	-1	-1	-1	-1	-1	0	0	0	-1	-1	-1
1342	1081	而立亦可期	流年韶景顾，而立亦可期。	259	1	24	韶景流年活动称号	韶景流年活动称号	1	106	50	1	-1	-1	-1	-1	-1	-1	-1	-1	-1	-1	-1	-1	-1	-1	-1	-1	-1	-1	-1	-1	-1	-1	-1	-1	-1	-1	-1	-1	-1	-1	-1	-1	0	0	0	-1	-1	-1
1343	1081	不惑别风采	流年韶景顾，不惑别风采。	260	1	24	韶景流年活动称号	韶景流年活动称号	1	106	50	1	-1	-1	-1	-1	-1	-1	-1	-1	-1	-1	-1	-1	-1	-1	-1	-1	-1	-1	-1	-1	-1	-1	-1	-1	-1	-1	-1	-1	-1	-1	-1	-1	0	0	0	-1	-1	-1
1344	1081	天命尤华章	流年韶景顾，天命尤华章。	261	1	24	韶景流年活动称号	韶景流年活动称号	1	106	50	1	-1	-1	-1	-1	-1	-1	-1	-1	-1	-1	-1	-1	-1	-1	-1	-1	-1	-1	-1	-1	-1	-1	-1	-1	-1	-1	-1	-1	-1	-1	-1	-1	0	0	0	-1	-1	-1
1345	1082	见龙在天	购买天龙手办获得的专属称号。	262	1	-1	开启天龙典藏礼包获得。	开启天龙典藏礼包获得。	0	106	85	1	-1	-1	-1	-1	-1	-1	-1	-1	-1	-1	-1	-1	-1	-1	-1	-1	-1	-1	-1	-1	-1	-1	-1	-1	-1	-1	-1	-1	-1	-1	-1	-1	0	0	0	-1	-1	-1
1346	1083	剑指苍山走四方	风行苍山路，正念度邪凶。	263	1	-1	在新杀星-苍山破煞中最高因果值达到40000时可获得。	在新杀星-苍山破煞中最高因果值达到40000时可获得。	0	106	89	1	-1	-1	-1	-1	-1	-1	-1	-1	-1	-1	-1	-1	-1	-1	-1	-1	-1	-1	-1	-1	-1	-1	-1	-1	-1	-1	-1	-1	-1	-1	-1	-1	0	0	0	-1	-1	-1
1347	1083	剑斩凶煞镇五曜	侠心若刀刃，长映几度秋。	263	2	-1	在新杀星-苍山破煞中最高因果值达到50000时可获得。	在新杀星-苍山破煞中最高因果值达到50000时可获得。	0	106	88	1	-1	-1	-1	-1	-1	-1	-1	-1	-1	-1	-1	-1	-1	-1	-1	-1	-1	-1	-1	-1	-1	-1	-1	-1	-1	-1	-1	-1	-1	-1	-1	-1	0	0	0	-1	-1	-1
1348	1083	剑灭妖邪扫六合	利刃斩凶邪，豪情护苍生。	263	3	-1	在新杀星-苍山破煞中最高因果值达到60000时可获得。	在新杀星-苍山破煞中最高因果值达到60000时可获得。	0	106	87	1	-1	-1	-1	-1	-1	-1	-1	-1	-1	-1	-1	-1	-1	-1	-1	-1	-1	-1	-1	-1	-1	-1	-1	-1	-1	-1	-1	-1	-1	-1	-1	-1	0	0	0	-1	-1	-1
1349	1084	凰城至尊	凰城问鼎，独步天下。	264	1	168	在群雄逐鹿凤凰城活动中取得单场伤害第一名。	在群雄逐鹿凤凰城活动中取得单场伤害第一名。	1	106	86	1	-1	-1	-1	-1	-1	-1	-1	-1	-1	-1	-1	-1	-1	-1	-1	-1	-1	-1	-1	-1	-1	-1	-1	-1	-1	-1	-1	-1	-1	-1	-1	-1	0	0	0	-1	-1	-1
1350	1084	凰城统领	凰城纵横，万夫莫敌。	265	1	168	在群雄逐鹿凤凰城活动中取得单场伤害第二名。	在群雄逐鹿凤凰城活动中取得单场伤害第二名。	1	106	86	1	-1	-1	-1	-1	-1	-1	-1	-1	-1	-1	-1	-1	-1	-1	-1	-1	-1	-1	-1	-1	-1	-1	-1	-1	-1	-1	-1	-1	-1	-1	-1	-1	0	0	0	-1	-1	-1
1351	1084	凰城战将	凰城争锋，勇冠三军。	266	1	168	在群雄逐鹿凤凰城活动中取得单场伤害第三名。	在群雄逐鹿凤凰城活动中取得单场伤害第三名。	1	106	86	1	-1	-1	-1	-1	-1	-1	-1	-1	-1	-1	-1	-1	-1	-1	-1	-1	-1	-1	-1	-1	-1	-1	-1	-1	-1	-1	-1	-1	-1	-1	-1	-1	0	0	0	-1	-1	-1
1352	1085	昭明神君	2024年《新天龙八部怀旧服》寻觅你的天龙意中人活动限定称号。	267	1	-1	2024年寻觅你的天龙意中人活动中男神第1名	2024年寻觅你的天龙意中人活动中男神第1名	0	106	74	1	-1	-1	-1	-1	-1	-1	-1	-1	-1	-1	-1	-1	-1	-1	-1	-1	-1	-1	-1	-1	-1	-1	-1	-1	-1	-1	-1	-1	-1	-1	-1	-1	0	0	0	1355	1	-1
1353	1085	玉树君子	2024年《新天龙八部怀旧服》寻觅你的天龙意中人活动限定称号。	268	1	-1	2024年寻觅你的天龙意中人活动中男神第2~100名	2024年寻觅你的天龙意中人活动中男神第2~100名	0	106	77	1	-1	-1	-1	-1	-1	-1	-1	-1	-1	-1	-1	-1	-1	-1	-1	-1	-1	-1	-1	-1	-1	-1	-1	-1	-1	-1	-1	-1	-1	-1	-1	-1	0	0	0	1356	1	-1
1354	1085	侍书才子	2024年《新天龙八部怀旧服》寻觅你的天龙意中人活动限定称号。	269	1	720	2024年寻觅你的天龙意中人活动中男神初级赛区奖励	2024年寻觅你的天龙意中人活动中男神初级赛区奖励	1	106	77	1	-1	-1	-1	-1	-1	-1	-1	-1	-1	-1	-1	-1	-1	-1	-1	-1	-1	-1	-1	-1	-1	-1	-1	-1	-1	-1	-1	-1	-1	-1	-1	-1	0	0	0	1357	1	-1
1355	1086	霁月仙姝	2024年《新天龙八部怀旧服》寻觅你的天龙意中人活动限定称号。	270	1	-1	2024年寻觅你的天龙意中人活动中女神第1名	2024年寻觅你的天龙意中人活动中女神第1名	0	106	75	1	-1	-1	-1	-1	-1	-1	-1	-1	-1	-1	-1	-1	-1	-1	-1	-1	-1	-1	-1	-1	-1	-1	-1	-1	-1	-1	-1	-1	-1	-1	-1	-1	0	0	0	1352	0	-1
1356	1086	娇花美人	2024年《新天龙八部怀旧服》寻觅你的天龙意中人活动限定称号。	271	1	-1	2024年寻觅你的天龙意中人活动中女神第2~100名	2024年寻觅你的天龙意中人活动中女神第2~100名	0	106	76	1	-1	-1	-1	-1	-1	-1	-1	-1	-1	-1	-1	-1	-1	-1	-1	-1	-1	-1	-1	-1	-1	-1	-1	-1	-1	-1	-1	-1	-1	-1	-1	-1	0	0	0	1353	0	-1
1357	1086	知画佳人	2024年《新天龙八部怀旧服》寻觅你的天龙意中人活动限定称号。	272	1	720	2024年寻觅你的天龙意中人活动中女神初级赛区奖励	2024年寻觅你的天龙意中人活动中女神初级赛区奖励	1	106	76	1	-1	-1	-1	-1	-1	-1	-1	-1	-1	-1	-1	-1	-1	-1	-1	-1	-1	-1	-1	-1	-1	-1	-1	-1	-1	-1	-1	-1	-1	-1	-1	-1	0	0	0	1354	0	-1
1358	1085	玉树君子	2024年《新天龙八部怀旧服》寻觅你的天龙意中人活动限定称号。	273	1	720	2024年寻觅你的天龙意中人活动中男神高级赛区奖励	2024年寻觅你的天龙意中人活动中男神高级赛区奖励	1	106	77	1	-1	-1	-1	-1	-1	-1	-1	-1	-1	-1	-1	-1	-1	-1	-1	-1	-1	-1	-1	-1	-1	-1	-1	-1	-1	-1	-1	-1	-1	-1	-1	-1	0	0	0	1359	1	-1
1359	1086	娇花美人	2024年《新天龙八部怀旧服》寻觅你的天龙意中人活动限定称号。	274	1	720	2024年寻觅你的天龙意中人活动中女神高级赛区奖励	2024年寻觅你的天龙意中人活动中女神高级赛区奖励	1	106	76	1	-1	-1	-1	-1	-1	-1	-1	-1	-1	-1	-1	-1	-1	-1	-1	-1	-1	-1	-1	-1	-1	-1	-1	-1	-1	-1	-1	-1	-1	-1	-1	-1	0	0	0	1358	0	-1
1360	1087	愿得一人心	各自得圆满，江湖晚潮宁。	275	1	-1	完成任务：昔时明月照归人的少侠，可获得此称号。	完成任务：昔时明月照归人的少侠，可获得此称号。	0	106	93	1	-1	-1	-1	-1	-1	-1	-1	-1	-1	-1	-1	-1	-1	-1	-1	-1	-1	-1	-1	-1	-1	-1	-1	-1	-1	-1	-1	-1	-1	-1	-1	-1	0	0	0	-1	-1	-1
1361	1088	一生所爱	大话西游电影联动专属奖励称号。	276	1	-1	参与大话西游电影联动活动获得。	参与大话西游电影联动活动获得。	0	106	90	1	-1	-1	-1	-1	-1	-1	-1	-1	-1	-1	-1	-1	-1	-1	-1	-1	-1	-1	-1	-1	-1	-1	-1	-1	-1	-1	-1	-1	-1	-1	-1	-1	0	0	0	-1	-1	-1
1366	1089	五岳独尊	参与至尊宝争夺战可获得此称号。	277	1	-1	参与至尊宝争专属称号。	在至尊宝争夺战制敌排行榜中获得前三名。	0	106	92	1	0	5000	6	50	9	50	12	50	15	50	-1	-1	-1	-1	-1	-1	-1	-1	-1	-1	-1	-1	-1	-1	-1	-1	-1	-1	-1	-1	-1	-1	0	0	0	-1	-1	1
1367	1090	一眼万年·盖世英雄	七夕仙履奇缘花序榜·爱你一万年送花榜第一名。	278	1	-1	七夕仙履奇缘花序榜·爱你一万年送花榜第一名。	七夕仙履奇缘花序榜·爱你一万年送花榜第一名。	0	106	94	1	0	20000	6	100	9	100	12	100	15	100	-1	-1	-1	-1	-1	-1	-1	-1	-1	-1	-1	-1	-1	-1	-1	-1	-1	-1	-1	-1	-1	-1	0	0	0	-1	-1	-1
1368	1091	不舍朝夕·意中佳人	七夕仙履奇缘花序榜·爱你一万年收花榜第一名。	279	1	-1	七夕仙履奇缘花序榜·爱你一万年收花榜第一名。	七夕仙履奇缘花序榜·爱你一万年收花榜第一名。	0	106	95	1	0	15000	6	100	9	100	12	100	15	100	-1	-1	-1	-1	-1	-1	-1	-1	-1	-1	-1	-1	-1	-1	-1	-1	-1	-1	-1	-1	-1	-1	0	0	0	-1	-1	-1
1369	1092	相思尽染两眉间	七夕活动期间累计收花188朵奖励称号。	280	1	-1	七夕活动期间累计收花188朵奖励称号。	七夕活动期间累计收花188朵奖励称号。	0	106	91	1	0	8000	6	80	9	80	12	80	15	80	-1	-1	-1	-1	-1	-1	-1	-1	-1	-1	-1	-1	-1	-1	-1	-1	-1	-1	-1	-1	-1	-1	0	0	0	-1	-1	-1
1372	1093	与你一起长安共赴	为参加2024天龙八部嘉年华活动的侠士们，特别准备的永久稀有称号。	281	1	-1	为参加2024天龙八部嘉年华活动的侠士们，特别准备的永久稀有称号。	从2024年天龙八部嘉年华中获得	0	106	96	1	0	10000	6	80	9	80	12	80	15	80	-1	-1	-1	-1	-1	-1	-1	-1	-1	-1	-1	-1	-1	-1	-1	-1	-1	-1	-1	-1	-1	-1	0	0	0	-1	-1	1
