INT	INT	STRING	STRING	INT	INT	INT	STRING	INT	STRING	INT	INT	INT	INT	INT	INT	INT	INT	INT	INT	INT	INT	INT	INT	INT	INT	INT	INT	INT	INT	INT	INT	INT	INT	INT	INT	INT	INT	INT	INT	INT	INT	INT
ID	类型(策划分类用)	名称$1$	描述$1$	逻辑类型(程序用)	等级	时间	注释	阅历值	称号来源	属性类型	属性值	属性类型	属性值	属性类型	属性值	属性类型	属性值	属性类型	属性值	属性类型	属性值	属性类型	属性值	属性类型	属性值	属性类型	属性值	属性类型	属性值	属性类型	属性值	属性类型	属性值	属性类型	属性值	属性类型	属性值	属性类型	属性值	属性类型	属性值	预留
0	1	系统占用	设置等级称号为0，即清除等级称号	1	1	-1	设置等级称号为0，即清除等级称号	0	无。	-1	-1	-1	-1	-1	-1	-1	-1	-1	-1	-1	-1	-1	-1	-1	-1	-1	-1	-1	-1	-1	-1	-1	-1	-1	-1	-1	-1	-1	-1	-1	-1	-1	
91	2	$N的夫君	在天愿做比翼鸟，在地愿做连理枝。	22	1	-1	夫妻	1	与命定之人结婚后获得的称号。	-1	-1	-1	-1	-1	-1	-1	-1	-1	-1	-1	-1	-1	-1	-1	-1	-1	-1	-1	-1	-1	-1	-1	-1	-1	-1	-1	-1	-1	-1	-1	-1	-1	
92	2	$N的娘子	在天愿做比翼鸟，在地愿做连理枝。	22	1	-1	夫妻	1	与命定之人结婚后获得的称号。	-1	-1	-1	-1	-1	-1	-1	-1	-1	-1	-1	-1	-1	-1	-1	-1	-1	-1	-1	-1	-1	-1	-1	-1	-1	-1	-1	-1	-1	-1	-1	-1	-1	
93	3	昭武校尉	低级士兵，初建功勋，继续努力。	3	1	-1	从军（已废弃）	0	无。	-1	-1	-1	-1	-1	-1	-1	-1	-1	-1	-1	-1	-1	-1	-1	-1	-1	-1	-1	-1	-1	-1	-1	-1	-1	-1	-1	-1	-1	-1	-1	-1	-1	
94	3	昭武校尉	低级士兵，初建功勋，继续努力。	3	2	-1	从军（已废弃）	0	无。	-1	-1	-1	-1	-1	-1	-1	-1	-1	-1	-1	-1	-1	-1	-1	-1	-1	-1	-1	-1	-1	-1	-1	-1	-1	-1	-1	-1	-1	-1	-1	-1	-1	
95	3	振威中郎将	初级将领，屡建功勋，再接再厉。	3	3	-1	从军（已废弃）	0	无。	-1	-1	-1	-1	-1	-1	-1	-1	-1	-1	-1	-1	-1	-1	-1	-1	-1	-1	-1	-1	-1	-1	-1	-1	-1	-1	-1	-1	-1	-1	-1	-1	-1	
96	3	骠骑将军	中级将领，功勋卓著，再接再厉。	3	4	-1	从军（已废弃）	0	无。	-1	-1	-1	-1	-1	-1	-1	-1	-1	-1	-1	-1	-1	-1	-1	-1	-1	-1	-1	-1	-1	-1	-1	-1	-1	-1	-1	-1	-1	-1	-1	-1	-1	
97	3	神武大将军	神武大将，英明神武，威震寰宇。	3	5	-1	从军（已废弃）	0	无。	-1	-1	-1	-1	-1	-1	-1	-1	-1	-1	-1	-1	-1	-1	-1	-1	-1	-1	-1	-1	-1	-1	-1	-1	-1	-1	-1	-1	-1	-1	-1	-1	-1	
98	4	护坛童儿	初级驱鬼师，初建功勋，继续努力。	4	1	-1	驱鬼（已废弃）	0	无。	-1	-1	-1	-1	-1	-1	-1	-1	-1	-1	-1	-1	-1	-1	-1	-1	-1	-1	-1	-1	-1	-1	-1	-1	-1	-1	-1	-1	-1	-1	-1	-1	-1	
99	4	陆地飞仙	中级驱鬼师，屡建功勋，再接再厉。	4	2	-1	驱鬼（已废弃）	0	无。	-1	-1	-1	-1	-1	-1	-1	-1	-1	-1	-1	-1	-1	-1	-1	-1	-1	-1	-1	-1	-1	-1	-1	-1	-1	-1	-1	-1	-1	-1	-1	-1	-1	
100	4	降魔上仙	高级驱鬼师，功勋卓著，再接再厉。	4	3	-1	驱鬼（已废弃）	0	无。	-1	-1	-1	-1	-1	-1	-1	-1	-1	-1	-1	-1	-1	-1	-1	-1	-1	-1	-1	-1	-1	-1	-1	-1	-1	-1	-1	-1	-1	-1	-1	-1	-1	
101	4	天罡真君	极品驱鬼师，降妖伏魔，除魔卫道。	4	4	-1	驱鬼（已废弃）	0	无。	-1	-1	-1	-1	-1	-1	-1	-1	-1	-1	-1	-1	-1	-1	-1	-1	-1	-1	-1	-1	-1	-1	-1	-1	-1	-1	-1	-1	-1	-1	-1	-1	-1	
102	5	黄豹镖卫	初级镖师，初建功勋，继续努力。	5	1	-1	运镖（已废弃）	0	无。	-1	-1	-1	-1	-1	-1	-1	-1	-1	-1	-1	-1	-1	-1	-1	-1	-1	-1	-1	-1	-1	-1	-1	-1	-1	-1	-1	-1	-1	-1	-1	-1	-1	
103	5	赤虎镖师	中级镖师，屡建功勋，再接再厉。	5	2	-1	运镖（已废弃）	0	无。	-1	-1	-1	-1	-1	-1	-1	-1	-1	-1	-1	-1	-1	-1	-1	-1	-1	-1	-1	-1	-1	-1	-1	-1	-1	-1	-1	-1	-1	-1	-1	-1	-1	
104	5	黑凤镖头	高级镖师，功勋卓著，再接再厉。	5	3	-1	运镖（已废弃）	0	无。	-1	-1	-1	-1	-1	-1	-1	-1	-1	-1	-1	-1	-1	-1	-1	-1	-1	-1	-1	-1	-1	-1	-1	-1	-1	-1	-1	-1	-1	-1	-1	-1	-1	
105	5	白龙总镖头	极品镖师，运镖能人，业界典范。	5	4	-1	运镖（已废弃）	0	无。	-1	-1	-1	-1	-1	-1	-1	-1	-1	-1	-1	-1	-1	-1	-1	-1	-1	-1	-1	-1	-1	-1	-1	-1	-1	-1	-1	-1	-1	-1	-1	-1	-1	
106	6	状元	学识渊博，文才超群，天下无双！	6	3	-1	科举（已废弃）	0	无。	-1	-1	-1	-1	-1	-1	-1	-1	-1	-1	-1	-1	-1	-1	-1	-1	-1	-1	-1	-1	-1	-1	-1	-1	-1	-1	-1	-1	-1	-1	-1	-1	-1	
107	6	榜眼	学识过人，文才出众，天下第二！	6	2	-1	科举（已废弃）	0	无。	-1	-1	-1	-1	-1	-1	-1	-1	-1	-1	-1	-1	-1	-1	-1	-1	-1	-1	-1	-1	-1	-1	-1	-1	-1	-1	-1	-1	-1	-1	-1	-1	-1	
108	6	探花	学识过人，文才出众，天下第三！	6	1	-1	科举（已废弃）	0	无。	-1	-1	-1	-1	-1	-1	-1	-1	-1	-1	-1	-1	-1	-1	-1	-1	-1	-1	-1	-1	-1	-1	-1	-1	-1	-1	-1	-1	-1	-1	-1	-1	-1	
109	7	美食大王	厨艺高超，冠绝天下！	7	1	-1	特殊（不处理）	0	无。	-1	-1	-1	-1	-1	-1	-1	-1	-1	-1	-1	-1	-1	-1	-1	-1	-1	-1	-1	-1	-1	-1	-1	-1	-1	-1	-1	-1	-1	-1	-1	-1	-1	
110	7	妙手回春	回春妙手，华佗再世！	7	1	-1	特殊（不处理）	0	无。	-1	-1	-1	-1	-1	-1	-1	-1	-1	-1	-1	-1	-1	-1	-1	-1	-1	-1	-1	-1	-1	-1	-1	-1	-1	-1	-1	-1	-1	-1	-1	-1	-1	
111	7	宝石专家	极品宝石，必我所出！	7	1	-1	特殊（不处理）	0	无。	-1	-1	-1	-1	-1	-1	-1	-1	-1	-1	-1	-1	-1	-1	-1	-1	-1	-1	-1	-1	-1	-1	-1	-1	-1	-1	-1	-1	-1	-1	-1	-1	-1	
112	7	铸剑大师	铸剑大师，干将再生！	7	1	-1	特殊（不处理）	0	无。	-1	-1	-1	-1	-1	-1	-1	-1	-1	-1	-1	-1	-1	-1	-1	-1	-1	-1	-1	-1	-1	-1	-1	-1	-1	-1	-1	-1	-1	-1	-1	-1	-1	
113	7	制衣能手	制衣能手，当今黄道婆！	7	1	-1	特殊（不处理）	0	无。	-1	-1	-1	-1	-1	-1	-1	-1	-1	-1	-1	-1	-1	-1	-1	-1	-1	-1	-1	-1	-1	-1	-1	-1	-1	-1	-1	-1	-1	-1	-1	-1	-1	
114	7	巧手神匠	巧手神匠，鲁班再世！	7	1	-1	特殊（不处理）	0	无。	-1	-1	-1	-1	-1	-1	-1	-1	-1	-1	-1	-1	-1	-1	-1	-1	-1	-1	-1	-1	-1	-1	-1	-1	-1	-1	-1	-1	-1	-1	-1	-1	-1	
115	7	无双才子	文才出众，风度翩翩！	7	1	-1	特殊（不处理）	0	无。	-1	-1	-1	-1	-1	-1	-1	-1	-1	-1	-1	-1	-1	-1	-1	-1	-1	-1	-1	-1	-1	-1	-1	-1	-1	-1	-1	-1	-1	-1	-1	-1	-1	
116	7	采药专家	神农再世，尝遍百草！	7	1	-1	特殊（不处理）	0	无。	-1	-1	-1	-1	-1	-1	-1	-1	-1	-1	-1	-1	-1	-1	-1	-1	-1	-1	-1	-1	-1	-1	-1	-1	-1	-1	-1	-1	-1	-1	-1	-1	-1	
117	7	采矿专家	采矿专家，矿业典范！	7	1	-1	特殊（不处理）	0	无。	-1	-1	-1	-1	-1	-1	-1	-1	-1	-1	-1	-1	-1	-1	-1	-1	-1	-1	-1	-1	-1	-1	-1	-1	-1	-1	-1	-1	-1	-1	-1	-1	-1	
118	7	挖宝大师	独具慧眼，宝藏终结者！	7	1	-1	特殊（不处理）	0	无。	-1	-1	-1	-1	-1	-1	-1	-1	-1	-1	-1	-1	-1	-1	-1	-1	-1	-1	-1	-1	-1	-1	-1	-1	-1	-1	-1	-1	-1	-1	-1	-1	-1	
119	7	天师传人	天师传人，才是名人！	7	1	-1	特殊（不处理）	0	无。	-1	-1	-1	-1	-1	-1	-1	-1	-1	-1	-1	-1	-1	-1	-1	-1	-1	-1	-1	-1	-1	-1	-1	-1	-1	-1	-1	-1	-1	-1	-1	-1	-1	
120	7	钓鱼高手	太公钓鱼，愿者上钩。	7	1	-1	特殊（不处理）	0	无。	-1	-1	-1	-1	-1	-1	-1	-1	-1	-1	-1	-1	-1	-1	-1	-1	-1	-1	-1	-1	-1	-1	-1	-1	-1	-1	-1	-1	-1	-1	-1	-1	-1	
121	7	商业巨头	商业龙头，富甲一方。	7	1	-1	特殊（不处理）	0	无。	-1	-1	-1	-1	-1	-1	-1	-1	-1	-1	-1	-1	-1	-1	-1	-1	-1	-1	-1	-1	-1	-1	-1	-1	-1	-1	-1	-1	-1	-1	-1	-1	-1	
122	7	武林第N大帮	您的门派是武林第N大帮。	7	1	-1	特殊（不处理）	0	无。	-1	-1	-1	-1	-1	-1	-1	-1	-1	-1	-1	-1	-1	-1	-1	-1	-1	-1	-1	-1	-1	-1	-1	-1	-1	-1	-1	-1	-1	-1	-1	-1	-1	
123	7	模范夫妻	知心爱人，夫妻典范！	7	1	-1	特殊（不处理）	0	无。	-1	-1	-1	-1	-1	-1	-1	-1	-1	-1	-1	-1	-1	-1	-1	-1	-1	-1	-1	-1	-1	-1	-1	-1	-1	-1	-1	-1	-1	-1	-1	-1	-1	
124	8	漕运商	初级漕运商人，漕运伊始，继续努力。	6	1	-1	漕运	1	漕运1次获得的称号。	-1	-1	-1	-1	-1	-1	-1	-1	-1	-1	-1	-1	-1	-1	-1	-1	-1	-1	-1	-1	-1	-1	-1	-1	-1	-1	-1	-1	-1	-1	-1	-1	-1	
125	8	漕运走卒	二级漕运商人，漕运熟手，继续努力。	6	2	-1	漕运	1	漕运100次获得的称号。	-1	-1	-1	-1	-1	-1	-1	-1	-1	-1	-1	-1	-1	-1	-1	-1	-1	-1	-1	-1	-1	-1	-1	-1	-1	-1	-1	-1	-1	-1	-1	-1	-1	
126	8	漕运押解官	三级漕运商人，漕运能手，再接再厉。	6	3	-1	漕运	1	漕运1000次获得的称号。	-1	-1	-1	-1	-1	-1	-1	-1	-1	-1	-1	-1	-1	-1	-1	-1	-1	-1	-1	-1	-1	-1	-1	-1	-1	-1	-1	-1	-1	-1	-1	-1	-1	
127	8	漕运统领	四级漕运商人，漕运高手，再接再厉。	6	4	-1	漕运	1	漕运3000次获得的称号。	-1	-1	-1	-1	-1	-1	-1	-1	-1	-1	-1	-1	-1	-1	-1	-1	-1	-1	-1	-1	-1	-1	-1	-1	-1	-1	-1	-1	-1	-1	-1	-1	-1	
128	8	漕运调度副使	五级漕运商人，漕运名人，再接再厉。	6	5	-1	漕运	1	漕运7500次获得的称号。	-1	-1	-1	-1	-1	-1	-1	-1	-1	-1	-1	-1	-1	-1	-1	-1	-1	-1	-1	-1	-1	-1	-1	-1	-1	-1	-1	-1	-1	-1	-1	-1	-1	
129	8	漕运调度使	六级漕运商人，漕运权威，业界典范。	6	6	-1	漕运	1	漕运20000次获得的称号。	-1	-1	-1	-1	-1	-1	-1	-1	-1	-1	-1	-1	-1	-1	-1	-1	-1	-1	-1	-1	-1	-1	-1	-1	-1	-1	-1	-1	-1	-1	-1	-1	-1	
130	8	漕运总提调	七级漕运商人，漕运神话，不朽传奇。	6	7	-1	漕运	1	漕运50000次获得的称号。	-1	-1	-1	-1	-1	-1	-1	-1	-1	-1	-1	-1	-1	-1	-1	-1	-1	-1	-1	-1	-1	-1	-1	-1	-1	-1	-1	-1	-1	-1	-1	-1	-1	
131	9	平贼士兵	杀贼勇猛，冲锋在前！	17	1	-1	贼兵入侵	1	杀反贼积分100分获得的称号（杀死贼兵喽啰得1分，杀死贼兵头目得5分）。	19	31	26	31	-1	-1	-1	-1	-1	-1	-1	-1	-1	-1	-1	-1	-1	-1	-1	-1	-1	-1	-1	-1	-1	-1	-1	-1	-1	-1	-1	-1	-1	
132	9	平贼队长	杀贼高手，无往不利！	17	2	-1	贼兵入侵	1	杀反贼积分500分获得的称号（杀死贼兵喽啰得1分，杀死贼兵头目得5分）。	19	64	26	64	-1	-1	-1	-1	-1	-1	-1	-1	-1	-1	-1	-1	-1	-1	-1	-1	-1	-1	-1	-1	-1	-1	-1	-1	-1	-1	-1	-1	-1	
133	9	平贼统领	杀贼精英，贼兵克星！	17	3	-1	贼兵入侵	1	杀反贼积分5000分获得的称号（杀死贼兵喽啰得1分，杀死贼兵头目得5分）。	19	124	26	124	-1	-1	-1	-1	-1	-1	-1	-1	-1	-1	-1	-1	-1	-1	-1	-1	-1	-1	-1	-1	-1	-1	-1	-1	-1	-1	-1	-1	-1	
134	9	荡寇将军	大将之才，荡平群贼！	17	4	-1	贼兵入侵	1	杀反贼积分30000分获得的称号（杀死贼兵喽啰得1分，杀死贼兵头目得5分）。	19	183	26	183	-1	-1	-1	-1	-1	-1	-1	-1	-1	-1	-1	-1	-1	-1	-1	-1	-1	-1	-1	-1	-1	-1	-1	-1	-1	-1	-1	-1	-1	
135	9	荡寇元帅	元帅之才，荡平群贼！	17	5	-1	贼兵入侵	1	杀反贼积分65000分获得的称号（杀死贼兵喽啰得1分，杀死贼兵头目得5分）。	19	369	26	369	-1	-1	-1	-1	-1	-1	-1	-1	-1	-1	-1	-1	-1	-1	-1	-1	-1	-1	-1	-1	-1	-1	-1	-1	-1	-1	-1	-1	-1	
136	10	比武大会状元	武艺超群，傲视天下。	18	3	168	比武大会	1	比武大会取得第一名。	20	6	27	6	-1	-1	-1	-1	-1	-1	-1	-1	-1	-1	-1	-1	-1	-1	-1	-1	-1	-1	-1	-1	-1	-1	-1	-1	-1	-1	-1	-1	-1	
137	10	比武大会榜眼	武功卓绝，天下第二。	18	2	168	比武大会	1	比武大会取得第二名。	20	4	27	4	-1	-1	-1	-1	-1	-1	-1	-1	-1	-1	-1	-1	-1	-1	-1	-1	-1	-1	-1	-1	-1	-1	-1	-1	-1	-1	-1	-1	-1	
138	10	比武大会探花	武林高手，天下第三。	18	1	168	比武大会	1	比武大会取得第三名。	20	2	27	2	-1	-1	-1	-1	-1	-1	-1	-1	-1	-1	-1	-1	-1	-1	-1	-1	-1	-1	-1	-1	-1	-1	-1	-1	-1	-1	-1	-1	-1	
139	11	科举状元	学识渊博，在科举考试中力压群儒！	5	3	168	科举	0	科举取得第一名。	20	6	27	6	-1	-1	-1	-1	-1	-1	-1	-1	-1	-1	-1	-1	-1	-1	-1	-1	-1	-1	-1	-1	-1	-1	-1	-1	-1	-1	-1	-1	-1	
140	11	科举榜眼	学识过人，在科举考试中获得第二！	5	2	168	科举	0	科举取得第二名。	20	4	27	4	-1	-1	-1	-1	-1	-1	-1	-1	-1	-1	-1	-1	-1	-1	-1	-1	-1	-1	-1	-1	-1	-1	-1	-1	-1	-1	-1	-1	-1	
141	11	科举探花	学识过人，在科举考试中获得第三！	5	1	168	科举	0	科举取得第三名。	20	2	27	2	-1	-1	-1	-1	-1	-1	-1	-1	-1	-1	-1	-1	-1	-1	-1	-1	-1	-1	-1	-1	-1	-1	-1	-1	-1	-1	-1	-1	-1	
142	12	少林侠士	少林初级男弟子。	21	1	-1	师门贡献	1	少林男弟子默认给予的称号。	-1	-1	-1	-1	-1	-1	-1	-1	-1	-1	-1	-1	-1	-1	-1	-1	-1	-1	-1	-1	-1	-1	-1	-1	-1	-1	-1	-1	-1	-1	-1	-1	0	
143	12	灰衣护法	少林中级男弟子。	21	2	-1	师门贡献	1	少林男弟子的师门贡献度达到1000给予的称号。	-1	-1	-1	-1	-1	-1	-1	-1	-1	-1	-1	-1	-1	-1	-1	-1	-1	-1	-1	-1	-1	-1	-1	-1	-1	-1	-1	-1	-1	-1	-1	-1	0	
144	12	金身罗汉	少林高级男弟子。	21	3	-1	师门贡献	1	少林男弟子的师门贡献度达到2500给予的称号。	-1	-1	-1	-1	-1	-1	-1	-1	-1	-1	-1	-1	-1	-1	-1	-1	-1	-1	-1	-1	-1	-1	-1	-1	-1	-1	-1	-1	-1	-1	-1	-1	0	
145	12	地藏菩萨	少林资深男弟子。	21	4	-1	师门贡献	1	少林男弟子的师门贡献度达到5000给予的称号。	-1	-1	-1	-1	-1	-1	-1	-1	-1	-1	-1	-1	-1	-1	-1	-1	-1	-1	-1	-1	-1	-1	-1	-1	-1	-1	-1	-1	-1	-1	-1	-1	0	
146	12	少林侠女	少林初级女弟子。	21	1	-1	师门贡献	1	少林女弟子默认给予的称号。	-1	-1	-1	-1	-1	-1	-1	-1	-1	-1	-1	-1	-1	-1	-1	-1	-1	-1	-1	-1	-1	-1	-1	-1	-1	-1	-1	-1	-1	-1	-1	-1	0	
147	12	白衣侍者	少林中级女弟子。	21	2	-1	师门贡献	1	少林女弟子的师门贡献度达到1000给予的称号。	-1	-1	-1	-1	-1	-1	-1	-1	-1	-1	-1	-1	-1	-1	-1	-1	-1	-1	-1	-1	-1	-1	-1	-1	-1	-1	-1	-1	-1	-1	-1	-1	0	
148	12	渡世观音	少林高级女弟子。	21	3	-1	师门贡献	1	少林女弟子的师门贡献度达到2500给予的称号。	-1	-1	-1	-1	-1	-1	-1	-1	-1	-1	-1	-1	-1	-1	-1	-1	-1	-1	-1	-1	-1	-1	-1	-1	-1	-1	-1	-1	-1	-1	-1	-1	0	
149	12	迦蓝菩萨	少林资深女弟子。	21	4	-1	师门贡献	1	少林女弟子的师门贡献度达到5000给予的称号。	-1	-1	-1	-1	-1	-1	-1	-1	-1	-1	-1	-1	-1	-1	-1	-1	-1	-1	-1	-1	-1	-1	-1	-1	-1	-1	-1	-1	-1	-1	-1	-1	0	
150	12	明教侠士	明教初级男弟子。	21	1	-1	师门贡献	1	明教男弟子默认给予的称号。	-1	-1	-1	-1	-1	-1	-1	-1	-1	-1	-1	-1	-1	-1	-1	-1	-1	-1	-1	-1	-1	-1	-1	-1	-1	-1	-1	-1	-1	-1	-1	-1	0	
151	12	侍火侠士	明教中级男弟子。	21	2	-1	师门贡献	1	明教男弟子的师门贡献度达到1000给予的称号。	-1	-1	-1	-1	-1	-1	-1	-1	-1	-1	-1	-1	-1	-1	-1	-1	-1	-1	-1	-1	-1	-1	-1	-1	-1	-1	-1	-1	-1	-1	-1	-1	0	
152	12	护教法王	明教高级男弟子。	21	3	-1	师门贡献	1	明教男弟子的师门贡献度达到2500给予的称号。	-1	-1	-1	-1	-1	-1	-1	-1	-1	-1	-1	-1	-1	-1	-1	-1	-1	-1	-1	-1	-1	-1	-1	-1	-1	-1	-1	-1	-1	-1	-1	-1	0	
153	12	光明神使	明教资深男弟子。	21	4	-1	师门贡献	1	明教男弟子的师门贡献度达到5000给予的称号。	-1	-1	-1	-1	-1	-1	-1	-1	-1	-1	-1	-1	-1	-1	-1	-1	-1	-1	-1	-1	-1	-1	-1	-1	-1	-1	-1	-1	-1	-1	-1	-1	0	
154	12	明教侠女	明教初级女弟子。	21	1	-1	师门贡献	1	明教女弟子默认给予的称号。	-1	-1	-1	-1	-1	-1	-1	-1	-1	-1	-1	-1	-1	-1	-1	-1	-1	-1	-1	-1	-1	-1	-1	-1	-1	-1	-1	-1	-1	-1	-1	-1	0	
155	12	侍火侠女	明教中级女弟子。	21	2	-1	师门贡献	1	明教女弟子的师门贡献度达到1000给予的称号。	-1	-1	-1	-1	-1	-1	-1	-1	-1	-1	-1	-1	-1	-1	-1	-1	-1	-1	-1	-1	-1	-1	-1	-1	-1	-1	-1	-1	-1	-1	-1	-1	0	
156	12	护教散人	明教高级女弟子。	21	3	-1	师门贡献	1	明教女弟子的师门贡献度达到2500给予的称号。	-1	-1	-1	-1	-1	-1	-1	-1	-1	-1	-1	-1	-1	-1	-1	-1	-1	-1	-1	-1	-1	-1	-1	-1	-1	-1	-1	-1	-1	-1	-1	-1	0	
157	12	光明圣女	明教资深女弟子。	21	4	-1	师门贡献	1	明教女弟子的师门贡献度达到5000给予的称号。	-1	-1	-1	-1	-1	-1	-1	-1	-1	-1	-1	-1	-1	-1	-1	-1	-1	-1	-1	-1	-1	-1	-1	-1	-1	-1	-1	-1	-1	-1	-1	-1	0	
158	12	丐帮侠士	丐帮初级男弟子。	21	1	-1	师门贡献	1	丐帮男弟子默认给予的称号。	-1	-1	-1	-1	-1	-1	-1	-1	-1	-1	-1	-1	-1	-1	-1	-1	-1	-1	-1	-1	-1	-1	-1	-1	-1	-1	-1	-1	-1	-1	-1	-1	0	
159	12	青莲弟子	丐帮中级男弟子。	21	2	-1	师门贡献	1	丐帮男弟子的师门贡献度达到1000给予的称号。	-1	-1	-1	-1	-1	-1	-1	-1	-1	-1	-1	-1	-1	-1	-1	-1	-1	-1	-1	-1	-1	-1	-1	-1	-1	-1	-1	-1	-1	-1	-1	-1	0	
160	12	玄武长老	丐帮高级男弟子。	21	3	-1	师门贡献	1	丐帮男弟子的师门贡献度达到2500给予的称号。	-1	-1	-1	-1	-1	-1	-1	-1	-1	-1	-1	-1	-1	-1	-1	-1	-1	-1	-1	-1	-1	-1	-1	-1	-1	-1	-1	-1	-1	-1	-1	-1	0	
161	12	掌棒龙头	丐帮资深男弟子。	21	4	-1	师门贡献	1	丐帮男弟子的师门贡献度达到5000给予的称号。	-1	-1	-1	-1	-1	-1	-1	-1	-1	-1	-1	-1	-1	-1	-1	-1	-1	-1	-1	-1	-1	-1	-1	-1	-1	-1	-1	-1	-1	-1	-1	-1	0	
162	12	丐帮侠女	丐帮初级女弟子。	21	1	-1	师门贡献	1	丐帮女弟子默认给予的称号。	-1	-1	-1	-1	-1	-1	-1	-1	-1	-1	-1	-1	-1	-1	-1	-1	-1	-1	-1	-1	-1	-1	-1	-1	-1	-1	-1	-1	-1	-1	-1	-1	0	
163	12	白莲弟子	丐帮中级女弟子。	21	2	-1	师门贡献	1	丐帮女弟子的师门贡献度达到1000给予的称号。	-1	-1	-1	-1	-1	-1	-1	-1	-1	-1	-1	-1	-1	-1	-1	-1	-1	-1	-1	-1	-1	-1	-1	-1	-1	-1	-1	-1	-1	-1	-1	-1	0	
164	12	朱雀长老	丐帮高级女弟子。	21	3	-1	师门贡献	1	丐帮女弟子的师门贡献度达到2500给予的称号。	-1	-1	-1	-1	-1	-1	-1	-1	-1	-1	-1	-1	-1	-1	-1	-1	-1	-1	-1	-1	-1	-1	-1	-1	-1	-1	-1	-1	-1	-1	-1	-1	0	
165	12	掌钵龙女	丐帮资深女弟子。	21	4	-1	师门贡献	1	丐帮女弟子的师门贡献度达到5000给予的称号。	-1	-1	-1	-1	-1	-1	-1	-1	-1	-1	-1	-1	-1	-1	-1	-1	-1	-1	-1	-1	-1	-1	-1	-1	-1	-1	-1	-1	-1	-1	-1	-1	0	
166	12	武当侠士	武当初级男弟子。	21	1	-1	师门贡献	1	武当男弟子默认给予的称号。	-1	-1	-1	-1	-1	-1	-1	-1	-1	-1	-1	-1	-1	-1	-1	-1	-1	-1	-1	-1	-1	-1	-1	-1	-1	-1	-1	-1	-1	-1	-1	-1	0	
167	12	青冥居士	武当中级男弟子。	21	2	-1	师门贡献	1	武当男弟子的师门贡献度达到1000给予的称号。	-1	-1	-1	-1	-1	-1	-1	-1	-1	-1	-1	-1	-1	-1	-1	-1	-1	-1	-1	-1	-1	-1	-1	-1	-1	-1	-1	-1	-1	-1	-1	-1	0	
168	12	无为真人	武当高级男弟子。	21	3	-1	师门贡献	1	武当男弟子的师门贡献度达到2500给予的称号。	-1	-1	-1	-1	-1	-1	-1	-1	-1	-1	-1	-1	-1	-1	-1	-1	-1	-1	-1	-1	-1	-1	-1	-1	-1	-1	-1	-1	-1	-1	-1	-1	0	
169	12	武当天尊	武当资深男弟子。	21	4	-1	师门贡献	1	武当男弟子的师门贡献度达到5000给予的称号。	-1	-1	-1	-1	-1	-1	-1	-1	-1	-1	-1	-1	-1	-1	-1	-1	-1	-1	-1	-1	-1	-1	-1	-1	-1	-1	-1	-1	-1	-1	-1	-1	0	
170	12	武当侠女	武当初级女弟子。	21	1	-1	师门贡献	1	武当女弟子默认给予的称号。	-1	-1	-1	-1	-1	-1	-1	-1	-1	-1	-1	-1	-1	-1	-1	-1	-1	-1	-1	-1	-1	-1	-1	-1	-1	-1	-1	-1	-1	-1	-1	-1	0	
171	12	白云居士	武当中级女弟子。	21	2	-1	师门贡献	1	武当女弟子的师门贡献度达到1000给予的称号。	-1	-1	-1	-1	-1	-1	-1	-1	-1	-1	-1	-1	-1	-1	-1	-1	-1	-1	-1	-1	-1	-1	-1	-1	-1	-1	-1	-1	-1	-1	-1	-1	0	
172	12	清静散人	武当高级女弟子。	21	3	-1	师门贡献	1	武当女弟子的师门贡献度达到2500给予的称号。	-1	-1	-1	-1	-1	-1	-1	-1	-1	-1	-1	-1	-1	-1	-1	-1	-1	-1	-1	-1	-1	-1	-1	-1	-1	-1	-1	-1	-1	-1	-1	-1	0	
173	12	武当仙子	武当资深女弟子。	21	4	-1	师门贡献	1	武当女弟子的师门贡献度达到5000给予的称号。	-1	-1	-1	-1	-1	-1	-1	-1	-1	-1	-1	-1	-1	-1	-1	-1	-1	-1	-1	-1	-1	-1	-1	-1	-1	-1	-1	-1	-1	-1	-1	-1	0	
174	12	峨嵋侠士	峨嵋初级男弟子。	21	1	-1	师门贡献	1	峨嵋男弟子默认给予的称号。	-1	-1	-1	-1	-1	-1	-1	-1	-1	-1	-1	-1	-1	-1	-1	-1	-1	-1	-1	-1	-1	-1	-1	-1	-1	-1	-1	-1	-1	-1	-1	-1	0	
175	12	清风居士	峨嵋中级男弟子。	21	2	-1	师门贡献	1	峨嵋男弟子的师门贡献度达到1000给予的称号。	-1	-1	-1	-1	-1	-1	-1	-1	-1	-1	-1	-1	-1	-1	-1	-1	-1	-1	-1	-1	-1	-1	-1	-1	-1	-1	-1	-1	-1	-1	-1	-1	0	
176	12	玉龙侠士	峨嵋高级男弟子。	21	3	-1	师门贡献	1	峨嵋男弟子的师门贡献度达到2500给予的称号。	-1	-1	-1	-1	-1	-1	-1	-1	-1	-1	-1	-1	-1	-1	-1	-1	-1	-1	-1	-1	-1	-1	-1	-1	-1	-1	-1	-1	-1	-1	-1	-1	0	
177	12	峨嵋仙人	峨嵋资深男弟子。	21	4	-1	师门贡献	1	峨嵋男弟子的师门贡献度达到5000给予的称号。	-1	-1	-1	-1	-1	-1	-1	-1	-1	-1	-1	-1	-1	-1	-1	-1	-1	-1	-1	-1	-1	-1	-1	-1	-1	-1	-1	-1	-1	-1	-1	-1	0	
178	12	峨嵋侠女	峨嵋初级女弟子。	21	1	-1	师门贡献	1	峨嵋女弟子默认给予的称号。	-1	-1	-1	-1	-1	-1	-1	-1	-1	-1	-1	-1	-1	-1	-1	-1	-1	-1	-1	-1	-1	-1	-1	-1	-1	-1	-1	-1	-1	-1	-1	-1	0	
179	12	明月居士	峨嵋中级女弟子。	21	2	-1	师门贡献	1	峨嵋女弟子的师门贡献度达到1000给予的称号。	-1	-1	-1	-1	-1	-1	-1	-1	-1	-1	-1	-1	-1	-1	-1	-1	-1	-1	-1	-1	-1	-1	-1	-1	-1	-1	-1	-1	-1	-1	-1	-1	0	
180	12	金凤侠女	峨嵋高级女弟子。	21	3	-1	师门贡献	1	峨嵋女弟子的师门贡献度达到2500给予的称号。	-1	-1	-1	-1	-1	-1	-1	-1	-1	-1	-1	-1	-1	-1	-1	-1	-1	-1	-1	-1	-1	-1	-1	-1	-1	-1	-1	-1	-1	-1	-1	-1	0	
181	12	峨嵋仙子	峨嵋资深女弟子。	21	4	-1	师门贡献	1	峨嵋女弟子的师门贡献度达到5000给予的称号。	-1	-1	-1	-1	-1	-1	-1	-1	-1	-1	-1	-1	-1	-1	-1	-1	-1	-1	-1	-1	-1	-1	-1	-1	-1	-1	-1	-1	-1	-1	-1	-1	0	
182	12	星宿侠士	星宿初级男弟子。	21	1	-1	师门贡献	1	星宿男弟子默认给予的称号。	-1	-1	-1	-1	-1	-1	-1	-1	-1	-1	-1	-1	-1	-1	-1	-1	-1	-1	-1	-1	-1	-1	-1	-1	-1	-1	-1	-1	-1	-1	-1	-1	0	
183	12	行瘟郎君	星宿中级男弟子。	21	2	-1	师门贡献	1	星宿男弟子的师门贡献度达到1000给予的称号。	-1	-1	-1	-1	-1	-1	-1	-1	-1	-1	-1	-1	-1	-1	-1	-1	-1	-1	-1	-1	-1	-1	-1	-1	-1	-1	-1	-1	-1	-1	-1	-1	0	
184	12	催命判官	星宿高级男弟子。	21	3	-1	师门贡献	1	星宿男弟子的师门贡献度达到2500给予的称号。	-1	-1	-1	-1	-1	-1	-1	-1	-1	-1	-1	-1	-1	-1	-1	-1	-1	-1	-1	-1	-1	-1	-1	-1	-1	-1	-1	-1	-1	-1	-1	-1	0	
185	12	毒手医仙	星宿资深男弟子。	21	4	-1	师门贡献	1	星宿男弟子的师门贡献度达到5000给予的称号。	-1	-1	-1	-1	-1	-1	-1	-1	-1	-1	-1	-1	-1	-1	-1	-1	-1	-1	-1	-1	-1	-1	-1	-1	-1	-1	-1	-1	-1	-1	-1	-1	0	
186	12	星宿侠女	星宿初级女弟子。	21	1	-1	师门贡献	1	星宿女弟子默认给予的称号。	-1	-1	-1	-1	-1	-1	-1	-1	-1	-1	-1	-1	-1	-1	-1	-1	-1	-1	-1	-1	-1	-1	-1	-1	-1	-1	-1	-1	-1	-1	-1	-1	0	
187	12	行瘟娘子	星宿中级女弟子。	21	2	-1	师门贡献	1	星宿女弟子的师门贡献度达到1000给予的称号。	-1	-1	-1	-1	-1	-1	-1	-1	-1	-1	-1	-1	-1	-1	-1	-1	-1	-1	-1	-1	-1	-1	-1	-1	-1	-1	-1	-1	-1	-1	-1	-1	0	
188	12	夺命夜叉	星宿高级女弟子。	21	3	-1	师门贡献	1	星宿女弟子的师门贡献度达到2500给予的称号。	-1	-1	-1	-1	-1	-1	-1	-1	-1	-1	-1	-1	-1	-1	-1	-1	-1	-1	-1	-1	-1	-1	-1	-1	-1	-1	-1	-1	-1	-1	-1	-1	0	
189	12	毒手药王	星宿资深女弟子。	21	4	-1	师门贡献	1	星宿女弟子的师门贡献度达到5000给予的称号。	-1	-1	-1	-1	-1	-1	-1	-1	-1	-1	-1	-1	-1	-1	-1	-1	-1	-1	-1	-1	-1	-1	-1	-1	-1	-1	-1	-1	-1	-1	-1	-1	0	
190	12	天龙侠士	天龙初级男弟子。	21	1	-1	师门贡献	1	天龙男弟子默认给予的称号。	-1	-1	-1	-1	-1	-1	-1	-1	-1	-1	-1	-1	-1	-1	-1	-1	-1	-1	-1	-1	-1	-1	-1	-1	-1	-1	-1	-1	-1	-1	-1	-1	0	
191	12	藏经侠士	天龙中级男弟子。	21	2	-1	师门贡献	1	天龙男弟子的师门贡献度达到1000给予的称号。	-1	-1	-1	-1	-1	-1	-1	-1	-1	-1	-1	-1	-1	-1	-1	-1	-1	-1	-1	-1	-1	-1	-1	-1	-1	-1	-1	-1	-1	-1	-1	-1	0	
192	12	崇圣天师	天龙高级男弟子。	21	3	-1	师门贡献	1	天龙男弟子的师门贡献度达到2500给予的称号。	-1	-1	-1	-1	-1	-1	-1	-1	-1	-1	-1	-1	-1	-1	-1	-1	-1	-1	-1	-1	-1	-1	-1	-1	-1	-1	-1	-1	-1	-1	-1	-1	0	
193	12	天南龙王	天龙资深男弟子。	21	4	-1	师门贡献	1	天龙男弟子的师门贡献度达到5000给予的称号。	-1	-1	-1	-1	-1	-1	-1	-1	-1	-1	-1	-1	-1	-1	-1	-1	-1	-1	-1	-1	-1	-1	-1	-1	-1	-1	-1	-1	-1	-1	-1	-1	0	
194	12	天龙侠女	天龙初级女弟子。	21	1	-1	师门贡献	1	天龙女弟子默认给予的称号。	-1	-1	-1	-1	-1	-1	-1	-1	-1	-1	-1	-1	-1	-1	-1	-1	-1	-1	-1	-1	-1	-1	-1	-1	-1	-1	-1	-1	-1	-1	-1	-1	0	
195	12	藏经侠女	天龙中级女弟子。	21	2	-1	师门贡献	1	天龙女弟子的师门贡献度达到1000给予的称号。	-1	-1	-1	-1	-1	-1	-1	-1	-1	-1	-1	-1	-1	-1	-1	-1	-1	-1	-1	-1	-1	-1	-1	-1	-1	-1	-1	-1	-1	-1	-1	-1	0	
196	12	崇圣天女	天龙高级女弟子。	21	3	-1	师门贡献	1	天龙女弟子的师门贡献度达到2500给予的称号。	-1	-1	-1	-1	-1	-1	-1	-1	-1	-1	-1	-1	-1	-1	-1	-1	-1	-1	-1	-1	-1	-1	-1	-1	-1	-1	-1	-1	-1	-1	-1	-1	0	
197	12	天南龙女	天龙资深女弟子。	21	4	-1	师门贡献	1	天龙女弟子的师门贡献度达到5000给予的称号。	-1	-1	-1	-1	-1	-1	-1	-1	-1	-1	-1	-1	-1	-1	-1	-1	-1	-1	-1	-1	-1	-1	-1	-1	-1	-1	-1	-1	-1	-1	-1	-1	0	
198	12	天山侠士	天山初级男弟子。	21	1	-1	师门贡献	1	天山男弟子默认给予的称号。	-1	-1	-1	-1	-1	-1	-1	-1	-1	-1	-1	-1	-1	-1	-1	-1	-1	-1	-1	-1	-1	-1	-1	-1	-1	-1	-1	-1	-1	-1	-1	-1	0	
199	12	阳天部众	天山中级男弟子。	21	2	-1	师门贡献	1	天山男弟子的师门贡献度达到1000给予的称号。	-1	-1	-1	-1	-1	-1	-1	-1	-1	-1	-1	-1	-1	-1	-1	-1	-1	-1	-1	-1	-1	-1	-1	-1	-1	-1	-1	-1	-1	-1	-1	-1	0	
200	12	天山苍鹰	天山高级男弟子。	21	3	-1	师门贡献	1	天山男弟子的师门贡献度达到2500给予的称号。	-1	-1	-1	-1	-1	-1	-1	-1	-1	-1	-1	-1	-1	-1	-1	-1	-1	-1	-1	-1	-1	-1	-1	-1	-1	-1	-1	-1	-1	-1	-1	-1	0	
201	12	混元山神	天山资深男弟子。	21	4	-1	师门贡献	1	天山男弟子的师门贡献度达到5000给予的称号。	-1	-1	-1	-1	-1	-1	-1	-1	-1	-1	-1	-1	-1	-1	-1	-1	-1	-1	-1	-1	-1	-1	-1	-1	-1	-1	-1	-1	-1	-1	-1	-1	0	
202	12	天山侠女	天山初级女弟子。	21	1	-1	师门贡献	1	天山女弟子默认给予的称号。	-1	-1	-1	-1	-1	-1	-1	-1	-1	-1	-1	-1	-1	-1	-1	-1	-1	-1	-1	-1	-1	-1	-1	-1	-1	-1	-1	-1	-1	-1	-1	-1	0	
203	12	昊天部众	天山中级女弟子。	21	2	-1	师门贡献	1	天山女弟子的师门贡献度达到1000给予的称号。	-1	-1	-1	-1	-1	-1	-1	-1	-1	-1	-1	-1	-1	-1	-1	-1	-1	-1	-1	-1	-1	-1	-1	-1	-1	-1	-1	-1	-1	-1	-1	-1	0	
204	12	天山雪雕	天山高级女弟子。	21	3	-1	师门贡献	1	天山女弟子的师门贡献度达到2500给予的称号。	-1	-1	-1	-1	-1	-1	-1	-1	-1	-1	-1	-1	-1	-1	-1	-1	-1	-1	-1	-1	-1	-1	-1	-1	-1	-1	-1	-1	-1	-1	-1	-1	0	
205	12	混元花神	天山资深女弟子。	21	4	-1	师门贡献	1	天山女弟子的师门贡献度达到5000给予的称号。	-1	-1	-1	-1	-1	-1	-1	-1	-1	-1	-1	-1	-1	-1	-1	-1	-1	-1	-1	-1	-1	-1	-1	-1	-1	-1	-1	-1	-1	-1	-1	-1	0	
206	12	逍遥侠士	逍遥初级男弟子。	21	1	-1	师门贡献	1	逍遥男弟子默认给予的称号。	-1	-1	-1	-1	-1	-1	-1	-1	-1	-1	-1	-1	-1	-1	-1	-1	-1	-1	-1	-1	-1	-1	-1	-1	-1	-1	-1	-1	-1	-1	-1	-1	0	
207	12	抚琴居士	逍遥中级男弟子。	21	2	-1	师门贡献	1	逍遥男弟子的师门贡献度达到1000给予的称号。	-1	-1	-1	-1	-1	-1	-1	-1	-1	-1	-1	-1	-1	-1	-1	-1	-1	-1	-1	-1	-1	-1	-1	-1	-1	-1	-1	-1	-1	-1	-1	-1	0	
208	12	洛神侠士	逍遥高级男弟子。	21	3	-1	师门贡献	1	逍遥男弟子的师门贡献度达到2500给予的称号。	-1	-1	-1	-1	-1	-1	-1	-1	-1	-1	-1	-1	-1	-1	-1	-1	-1	-1	-1	-1	-1	-1	-1	-1	-1	-1	-1	-1	-1	-1	-1	-1	0	
209	12	逍遥神龙	逍遥资深男弟子。	21	4	-1	师门贡献	1	逍遥男弟子的师门贡献度达到5000给予的称号。	-1	-1	-1	-1	-1	-1	-1	-1	-1	-1	-1	-1	-1	-1	-1	-1	-1	-1	-1	-1	-1	-1	-1	-1	-1	-1	-1	-1	-1	-1	-1	-1	0	
210	12	逍遥侠女	逍遥初级女弟子。	21	1	-1	师门贡献	1	逍遥女弟子默认给予的称号。	-1	-1	-1	-1	-1	-1	-1	-1	-1	-1	-1	-1	-1	-1	-1	-1	-1	-1	-1	-1	-1	-1	-1	-1	-1	-1	-1	-1	-1	-1	-1	-1	0	
211	12	莳花居士	逍遥中级女弟子。	21	2	-1	师门贡献	1	逍遥女弟子的师门贡献度达到1000给予的称号。	-1	-1	-1	-1	-1	-1	-1	-1	-1	-1	-1	-1	-1	-1	-1	-1	-1	-1	-1	-1	-1	-1	-1	-1	-1	-1	-1	-1	-1	-1	-1	-1	0	
212	12	凌波侠女	逍遥高级女弟子。	21	3	-1	师门贡献	1	逍遥女弟子的师门贡献度达到2500给予的称号。	-1	-1	-1	-1	-1	-1	-1	-1	-1	-1	-1	-1	-1	-1	-1	-1	-1	-1	-1	-1	-1	-1	-1	-1	-1	-1	-1	-1	-1	-1	-1	-1	0	
213	12	逍遥圣女	逍遥资深女弟子。	21	4	-1	师门贡献	1	逍遥女弟子的师门贡献度达到5000给予的称号。	-1	-1	-1	-1	-1	-1	-1	-1	-1	-1	-1	-1	-1	-1	-1	-1	-1	-1	-1	-1	-1	-1	-1	-1	-1	-1	-1	-1	-1	-1	-1	-1	0	
214	13	初级师傅	初为人师，与徒弟共同进步。#r可收2名徒弟	28	1	-1	师德等级	1	第一次收徒时，即可获得该称号。	-1	-1	-1	-1	-1	-1	-1	-1	-1	-1	-1	-1	-1	-1	-1	-1	-1	-1	-1	-1	-1	-1	-1	-1	-1	-1	-1	-1	-1	-1	-1	-1	-1	
215	13	中级师傅	为人师表，兢兢业业。#r可收3名徒弟	28	2	-1	师德等级	1	师德值达到6000点后可以领取该称号。	-1	-1	-1	-1	-1	-1	-1	-1	-1	-1	-1	-1	-1	-1	-1	-1	-1	-1	-1	-1	-1	-1	-1	-1	-1	-1	-1	-1	-1	-1	-1	-1	-1	
216	13	高级师傅	为人师表，声名远播。#r可收5名徒弟	28	3	-1	师德等级	1	师德值达到12000点后可以领取该称号。	-1	-1	-1	-1	-1	-1	-1	-1	-1	-1	-1	-1	-1	-1	-1	-1	-1	-1	-1	-1	-1	-1	-1	-1	-1	-1	-1	-1	-1	-1	-1	-1	-1	
217	13	一代名师	一代名师，桃李满天下。#r可收8名徒弟	28	4	-1	师德等级	1	师德值达到20000点后可以领取该称号。	-1	-1	-1	-1	-1	-1	-1	-1	-1	-1	-1	-1	-1	-1	-1	-1	-1	-1	-1	-1	-1	-1	-1	-1	-1	-1	-1	-1	-1	-1	-1	-1	-1	
218	14	_JIEBAI_	义结金兰，生死与共！	24	1	-1	结拜	1	结拜称号。	-1	-1	-1	-1	-1	-1	-1	-1	-1	-1	-1	-1	-1	-1	-1	-1	-1	-1	-1	-1	-1	-1	-1	-1	-1	-1	-1	-1	-1	-1	-1	-1	-1	
219	15	$N帮众	帮派普通成员。	23	1	-1	帮派(不是通过称号)	1	帮会职位称号。	-1	-1	-1	-1	-1	-1	-1	-1	-1	-1	-1	-1	-1	-1	-1	-1	-1	-1	-1	-1	-1	-1	-1	-1	-1	-1	-1	-1	-1	-1	-1	-1	-1	
220	15	$N精英	帮派精英成员。	23	2	-1	帮派(不是通过称号)	1	帮会职位称号。	-1	-1	-1	-1	-1	-1	-1	-1	-1	-1	-1	-1	-1	-1	-1	-1	-1	-1	-1	-1	-1	-1	-1	-1	-1	-1	-1	-1	-1	-1	-1	-1	-1	
221	15	$N商人	帮派跑商负责人。	23	3	-1	帮派(不是通过称号)	1	帮会职位称号。	-1	-1	-1	-1	-1	-1	-1	-1	-1	-1	-1	-1	-1	-1	-1	-1	-1	-1	-1	-1	-1	-1	-1	-1	-1	-1	-1	-1	-1	-1	-1	-1	-1	
222	15	$N内务使	帮派内务负责人。	23	4	-1	帮派(不是通过称号)	1	帮会职位称号。	-1	-1	-1	-1	-1	-1	-1	-1	-1	-1	-1	-1	-1	-1	-1	-1	-1	-1	-1	-1	-1	-1	-1	-1	-1	-1	-1	-1	-1	-1	-1	-1	-1	
223	15	$N工务使	帮派工农业负责人。	23	5	-1	帮派(不是通过称号)	1	帮会职位称号。	-1	-1	-1	-1	-1	-1	-1	-1	-1	-1	-1	-1	-1	-1	-1	-1	-1	-1	-1	-1	-1	-1	-1	-1	-1	-1	-1	-1	-1	-1	-1	-1	-1	
224	15	$N弘化使	帮派发展负责人。	23	6	-1	帮派(不是通过称号)	1	帮会职位称号。	-1	-1	-1	-1	-1	-1	-1	-1	-1	-1	-1	-1	-1	-1	-1	-1	-1	-1	-1	-1	-1	-1	-1	-1	-1	-1	-1	-1	-1	-1	-1	-1	-1	
225	15	$N副帮主	帮派副帮主，帮主的得力助手。	23	7	-1	帮派(不是通过称号)	1	帮会职位称号。	-1	-1	-1	-1	-1	-1	-1	-1	-1	-1	-1	-1	-1	-1	-1	-1	-1	-1	-1	-1	-1	-1	-1	-1	-1	-1	-1	-1	-1	-1	-1	-1	-1	
226	15	$N帮主	帮会老大，帮派的最高管理者。	23	8	-1	帮派(不是通过称号)	1	帮会职位称号。	-1	-1	-1	-1	-1	-1	-1	-1	-1	-1	-1	-1	-1	-1	-1	-1	-1	-1	-1	-1	-1	-1	-1	-1	-1	-1	-1	-1	-1	-1	-1	-1	-1	
227	16	情圣	诉情谊花语，汇天下风流。	19	1	-1	999朵玫瑰,男	1	送出或收到999朵玫瑰的称号。	-1	-1	-1	-1	-1	-1	-1	-1	-1	-1	-1	-1	-1	-1	-1	-1	-1	-1	-1	-1	-1	-1	-1	-1	-1	-1	-1	-1	-1	-1	-1	-1	-1	
228	16	玫瑰仙子	诉情谊花语，汇天下风流。	19	1	-1	999朵玫瑰,女	1	送出或收到999朵玫瑰的称号。	-1	-1	-1	-1	-1	-1	-1	-1	-1	-1	-1	-1	-1	-1	-1	-1	-1	-1	-1	-1	-1	-1	-1	-1	-1	-1	-1	-1	-1	-1	-1	-1	-1	
229	17	剿匪义士	响应朝庭号召之剿匪义士。	30	1	-1	钱宏宇称号	1	与钱宏宇的关系达到1000~1999点时获得的称号（每完成一次3环得到10点）。	48	4	-1	-1	-1	-1	-1	-1	-1	-1	-1	-1	-1	-1	-1	-1	-1	-1	-1	-1	-1	-1	-1	-1	-1	-1	-1	-1	-1	-1	-1	-1	-1	
230	17	破匪侠士	响应朝庭号召之破匪侠士。	30	2	-1	钱宏宇称号	1	与钱宏宇的关系达到2000~3999点时获得的称号（每完成一次3环得到10点）。	48	7	-1	-1	-1	-1	-1	-1	-1	-1	-1	-1	-1	-1	-1	-1	-1	-1	-1	-1	-1	-1	-1	-1	-1	-1	-1	-1	-1	-1	-1	-1	-1	
231	17	镇匪英侠	响应朝庭号召之镇匪英侠。	30	3	-1	钱宏宇称号	1	与钱宏宇的关系达到4000~6499点时获得的称号（每完成一次3环得到10点）。	48	10	-1	-1	-1	-1	-1	-1	-1	-1	-1	-1	-1	-1	-1	-1	-1	-1	-1	-1	-1	-1	-1	-1	-1	-1	-1	-1	-1	-1	-1	-1	-1	
232	17	天下匪见愁	令天下群匪闻之丧胆之匪见愁。	30	4	-1	钱宏宇称号	1	与钱宏宇的关系达到6500~9999点时获得的称号（每完成一次3环得到10点）。	48	15	-1	-1	-1	-1	-1	-1	-1	-1	-1	-1	-1	-1	-1	-1	-1	-1	-1	-1	-1	-1	-1	-1	-1	-1	-1	-1	-1	-1	-1	-1	-1	
233	18	行者无双	读万卷书，行万里路，天下无双！	31	1	-1	英雄任务	1	英雄任务称号。	-1	-1	-1	-1	-1	-1	-1	-1	-1	-1	-1	-1	-1	-1	-1	-1	-1	-1	-1	-1	-1	-1	-1	-1	-1	-1	-1	-1	-1	-1	-1	-1	-1	
234	18	寂寞高手	武林高手，独来独往，问鼎江湖！	32	2	-1	英雄任务	1	英雄任务称号。	-1	-1	-1	-1	-1	-1	-1	-1	-1	-1	-1	-1	-1	-1	-1	-1	-1	-1	-1	-1	-1	-1	-1	-1	-1	-1	-1	-1	-1	-1	-1	-1	-1	
235	18	无敌侠客	侠肝义胆，天下无敌，只求一败！	33	3	-1	英雄任务	1	英雄任务称号。	-1	-1	-1	-1	-1	-1	-1	-1	-1	-1	-1	-1	-1	-1	-1	-1	-1	-1	-1	-1	-1	-1	-1	-1	-1	-1	-1	-1	-1	-1	-1	-1	-1	
236	18	盖世英雄	英雄盖世，名震寰宇，万古流芳！	34	4	-1	英雄任务	1	英雄任务称号。	-1	-1	-1	-1	-1	-1	-1	-1	-1	-1	-1	-1	-1	-1	-1	-1	-1	-1	-1	-1	-1	-1	-1	-1	-1	-1	-1	-1	-1	-1	-1	-1	-1	
237	19	剿匪游击将军	泠然出一式，剑影映水光。拥有令镜湖水匪头领如坐针毡之威势。	35	1	-1	镜湖剿匪	1	剿灭镜湖水匪头领六名后获得的称号。	48	4	-1	-1	-1	-1	-1	-1	-1	-1	-1	-1	-1	-1	-1	-1	-1	-1	-1	-1	-1	-1	-1	-1	-1	-1	-1	-1	-1	-1	-1	-1	-1	
238	19	剿匪破虏将军	泠然出一式，剑影映水光。拥有令镜湖水匪头领心生怯意之威势。	35	2	-1	镜湖剿匪	1	剿灭镜湖水匪头领十八名后获得的称号。	48	7	-1	-1	-1	-1	-1	-1	-1	-1	-1	-1	-1	-1	-1	-1	-1	-1	-1	-1	-1	-1	-1	-1	-1	-1	-1	-1	-1	-1	-1	-1	-1	
239	19	剿匪车骑将军	泠然出一式，剑影映水光。拥有令镜湖水匪头领闻风丧胆之威势。	35	3	-1	镜湖剿匪	1	剿灭镜湖水匪头领五十名后获得的称号。	48	10	-1	-1	-1	-1	-1	-1	-1	-1	-1	-1	-1	-1	-1	-1	-1	-1	-1	-1	-1	-1	-1	-1	-1	-1	-1	-1	-1	-1	-1	-1	-1	
240	19	剿匪大将军	泠然出一式，剑影映水光。拥有令镜湖水匪头领不战而降之威势。	35	4	-1	镜湖剿匪	1	剿灭镜湖水匪头领百名后获得的称号。	48	15	-1	-1	-1	-1	-1	-1	-1	-1	-1	-1	-1	-1	-1	-1	-1	-1	-1	-1	-1	-1	-1	-1	-1	-1	-1	-1	-1	-1	-1	-1	-1	
241	20	极品飞毛腿	在龟兔赛跑活动中获得前3名的英雄。	37	1	168	龟兔赛跑	0	活动称号。	-1	-1	-1	-1	-1	-1	-1	-1	-1	-1	-1	-1	-1	-1	-1	-1	-1	-1	-1	-1	-1	-1	-1	-1	-1	-1	-1	-1	-1	-1	-1	-1	-1	
242	21	$N★关内侯	帮会低级爵位，张辽曾赐爵关内侯。	38	1	-1	帮派贡献度称号	1	帮会贡献度达到250获得的称号。	-1	-1	-1	-1	-1	-1	-1	-1	-1	-1	-1	-1	-1	-1	-1	-1	-1	-1	-1	-1	-1	-1	-1	-1	-1	-1	-1	-1	-1	-1	-1	-1	-1	
243	21	$N★亭侯	帮会低级爵位，关羽曾赐爵汉寿亭侯。	38	2	-1	帮派贡献度称号	1	帮会贡献度达到750获得的称号。	-1	-1	-1	-1	-1	-1	-1	-1	-1	-1	-1	-1	-1	-1	-1	-1	-1	-1	-1	-1	-1	-1	-1	-1	-1	-1	-1	-1	-1	-1	-1	-1	-1	
244	21	$N★乡侯	帮会中级爵位，司马懿曾赐爵安国乡侯。	38	3	-1	帮派贡献度称号	1	帮会贡献度达到1500获得的称号。	-1	-1	-1	-1	-1	-1	-1	-1	-1	-1	-1	-1	-1	-1	-1	-1	-1	-1	-1	-1	-1	-1	-1	-1	-1	-1	-1	-1	-1	-1	-1	-1	-1	
245	21	$N★县侯	帮会中级爵位，诸葛亮曾赐爵武乡县侯。	38	4	-1	帮派贡献度称号	1	帮会贡献度达到3000获得的称号。	-1	-1	-1	-1	-1	-1	-1	-1	-1	-1	-1	-1	-1	-1	-1	-1	-1	-1	-1	-1	-1	-1	-1	-1	-1	-1	-1	-1	-1	-1	-1	-1	-1	
246	21	$N★郡侯	帮会中级爵位，羊祜曾赐爵南城郡侯。	38	5	-1	帮派贡献度称号	1	帮会贡献度达到7500获得的称号。	-1	-1	-1	-1	-1	-1	-1	-1	-1	-1	-1	-1	-1	-1	-1	-1	-1	-1	-1	-1	-1	-1	-1	-1	-1	-1	-1	-1	-1	-1	-1	-1	-1	
247	21	$N★县公	帮会高级爵位，刘禅曾赐爵安乐县公。	38	6	-1	帮派贡献度称号	1	帮会贡献度达到15000获得的称号。	-1	-1	-1	-1	-1	-1	-1	-1	-1	-1	-1	-1	-1	-1	-1	-1	-1	-1	-1	-1	-1	-1	-1	-1	-1	-1	-1	-1	-1	-1	-1	-1	-1	
248	21	$N★郡公	帮会高级爵位，孙权曾赐爵吴郡郡公。	38	7	-1	帮派贡献度称号	1	帮会贡献度达到30000获得的称号。	-1	-1	-1	-1	-1	-1	-1	-1	-1	-1	-1	-1	-1	-1	-1	-1	-1	-1	-1	-1	-1	-1	-1	-1	-1	-1	-1	-1	-1	-1	-1	-1	-1	
249	21	$N★国公	帮会高级爵位，司马昭曾赐爵晋国公。	38	8	-1	帮派贡献度称号	1	帮会贡献度达到60000获得的称号。	-1	-1	-1	-1	-1	-1	-1	-1	-1	-1	-1	-1	-1	-1	-1	-1	-1	-1	-1	-1	-1	-1	-1	-1	-1	-1	-1	-1	-1	-1	-1	-1	-1	
250	21	$N★郡王	帮会超级爵位，刘备曾赐爵汉中王。	38	9	-1	帮派贡献度称号	1	帮会贡献度达到125000获得的称号。	-1	-1	-1	-1	-1	-1	-1	-1	-1	-1	-1	-1	-1	-1	-1	-1	-1	-1	-1	-1	-1	-1	-1	-1	-1	-1	-1	-1	-1	-1	-1	-1	-1	
251	21	$N★亲王	帮会超级爵位，曹操曾赐爵魏王。	38	10	-1	帮派贡献度称号	1	帮会贡献度达到250000获得的称号。	-1	-1	-1	-1	-1	-1	-1	-1	-1	-1	-1	-1	-1	-1	-1	-1	-1	-1	-1	-1	-1	-1	-1	-1	-1	-1	-1	-1	-1	-1	-1	-1	-1	
252	22	连斩狂客	百步斩，今扬名。	39	1	168	帮战获得的称号	1	一次帮会征讨中杀人次数最多获得的称号。	-1	-1	-1	-1	-1	-1	-1	-1	-1	-1	-1	-1	-1	-1	-1	-1	-1	-1	-1	-1	-1	-1	-1	-1	-1	-1	-1	-1	-1	-1	-1	-1	-1	
253	22	超级旗手	迎朔风，夺旌旗。	40	1	168	帮战获得的称号	1	一次帮会征讨中占领旗帜最多获得的称号。	-1	-1	-1	-1	-1	-1	-1	-1	-1	-1	-1	-1	-1	-1	-1	-1	-1	-1	-1	-1	-1	-1	-1	-1	-1	-1	-1	-1	-1	-1	-1	-1	-1	
254	22	搜宝专家	蓄粮草，定胜负。	41	1	168	帮战获得的称号	1	一次帮会征讨中采集资源最多获得的称号。	-1	-1	-1	-1	-1	-1	-1	-1	-1	-1	-1	-1	-1	-1	-1	-1	-1	-1	-1	-1	-1	-1	-1	-1	-1	-1	-1	-1	-1	-1	-1	-1	-1	
255	23	洛阳城主	凭借强大实力占据了洛阳城才具有的光荣称号。	42	1	-1	洛阳NPC周然处领取的城市称号	0	占据洛阳城后给予的称号。	-1	-1	-1	-1	-1	-1	-1	-1	-1	-1	-1	-1	-1	-1	-1	-1	-1	-1	-1	-1	-1	-1	-1	-1	-1	-1	-1	-1	-1	-1	-1	-1	-1	
256	24	缥缈之锋芒初现	牛刀小试，锋芒初现！	43	1	-1	挑战缥缈峰获得的称号	1	获得1个缥缈玄符后兑换的称号。	0	361	-1	-1	-1	-1	-1	-1	-1	-1	-1	-1	-1	-1	-1	-1	-1	-1	-1	-1	-1	-1	-1	-1	-1	-1	-1	-1	-1	-1	-1	-1	-1	
257	24	缥缈之豪情无双	长剑出鞘，豪情无双！	43	2	-1	挑战缥缈峰获得的称号	1	在之前的基础上获得15个缥缈玄符后兑换的称号。	0	705	-1	-1	-1	-1	-1	-1	-1	-1	-1	-1	-1	-1	-1	-1	-1	-1	-1	-1	-1	-1	-1	-1	-1	-1	-1	-1	-1	-1	-1	-1	-1	
258	24	缥缈之战无不胜	攻无不克，战无不胜！	43	3	-1	挑战缥缈峰获得的称号	1	在之前的基础上获得45个缥缈玄符后兑换的称号。	0	1033	-1	-1	-1	-1	-1	-1	-1	-1	-1	-1	-1	-1	-1	-1	-1	-1	-1	-1	-1	-1	-1	-1	-1	-1	-1	-1	-1	-1	-1	-1	-1	
259	24	缥缈之我意纵横	凌绝缥缈，我意纵横！	43	4	-1	挑战缥缈峰获得的称号	1	在之前的基础上获得90个缥缈玄符后兑换的称号。	0	2091	-1	-1	-1	-1	-1	-1	-1	-1	-1	-1	-1	-1	-1	-1	-1	-1	-1	-1	-1	-1	-1	-1	-1	-1	-1	-1	-1	-1	-1	-1	-1	
260	25	广目天王	群星至，除煞时，广目天王今在此！	7	1	-1	杀星副本称号	1	打败所有煞星各1次获得的称号。	46	3	-1	-1	-1	-1	-1	-1	-1	-1	-1	-1	-1	-1	-1	-1	-1	-1	-1	-1	-1	-1	-1	-1	-1	-1	-1	-1	-1	-1	-1	-1	-1	
261	25	多闻天王	群星至，除煞时，多闻天王今在此！	7	1	-1	杀星副本称号	1	打败所有煞星各10次获得的称号。	46	7	-1	-1	-1	-1	-1	-1	-1	-1	-1	-1	-1	-1	-1	-1	-1	-1	-1	-1	-1	-1	-1	-1	-1	-1	-1	-1	-1	-1	-1	-1	-1	
262	25	增长天王	群星至，除煞时，增长天王今在此！	7	1	-1	杀星副本称号	1	打败所有煞星各50次获得的称号。	46	13	-1	-1	-1	-1	-1	-1	-1	-1	-1	-1	-1	-1	-1	-1	-1	-1	-1	-1	-1	-1	-1	-1	-1	-1	-1	-1	-1	-1	-1	-1	-1	
263	25	持国天王	群星至，除煞时，持国天王今在此！	7	1	-1	杀星副本称号	1	打败所有煞星各200次获得的称号。	46	19	-1	-1	-1	-1	-1	-1	-1	-1	-1	-1	-1	-1	-1	-1	-1	-1	-1	-1	-1	-1	-1	-1	-1	-1	-1	-1	-1	-1	-1	-1	-1	
264	26	凤凰古城的霸主	夺得凤凰平原胜利的英雄！	44	1	72	凤凰平原城战胜利获得的称号	1	凤凰平原城战胜利获得的称号。	48	10	-1	-1	-1	-1	-1	-1	-1	-1	-1	-1	-1	-1	-1	-1	-1	-1	-1	-1	-1	-1	-1	-1	-1	-1	-1	-1	-1	-1	-1	-1	-1	
265	27	登堂入室	炼气入体，突破三重。	45	2	-1	修炼称号	1	当前最高修炼境界达到第3重时，获得的称号。	-1	-1	-1	-1	-1	-1	-1	-1	-1	-1	-1	-1	-1	-1	-1	-1	-1	-1	-1	-1	-1	-1	-1	-1	-1	-1	-1	-1	-1	-1	-1	-1	-1	
266	27	鹤立鸡群	炼气入体，突破四重。	45	3	-1	修炼称号	1	当前最高修炼境界达到第4重时，获得的称号。	-1	-1	-1	-1	-1	-1	-1	-1	-1	-1	-1	-1	-1	-1	-1	-1	-1	-1	-1	-1	-1	-1	-1	-1	-1	-1	-1	-1	-1	-1	-1	-1	-1	
267	27	驾轻就熟	炼气入体，突破五重。	45	4	-1	修炼称号	1	当前最高修炼境界达到第5重时，获得的称号。	-1	-1	-1	-1	-1	-1	-1	-1	-1	-1	-1	-1	-1	-1	-1	-1	-1	-1	-1	-1	-1	-1	-1	-1	-1	-1	-1	-1	-1	-1	-1	-1	-1	
268	27	非比寻常	炼气入体，突破六重。	45	5	-1	修炼称号	1	当前最高修炼境界达到第6重时，获得的称号。	-1	-1	-1	-1	-1	-1	-1	-1	-1	-1	-1	-1	-1	-1	-1	-1	-1	-1	-1	-1	-1	-1	-1	-1	-1	-1	-1	-1	-1	-1	-1	-1	-1	
269	27	登峰造极	炼气入体，突破七重。	45	6	-1	修炼称号	1	当前最高修炼境界达到第7重时，获得的称号。	-1	-1	-1	-1	-1	-1	-1	-1	-1	-1	-1	-1	-1	-1	-1	-1	-1	-1	-1	-1	-1	-1	-1	-1	-1	-1	-1	-1	-1	-1	-1	-1	-1	
270	27	技冠群雄	炼气入体，突破八重。	45	7	-1	修炼称号	1	当前最高修炼境界达到第8重时，获得的称号。	-1	-1	-1	-1	-1	-1	-1	-1	-1	-1	-1	-1	-1	-1	-1	-1	-1	-1	-1	-1	-1	-1	-1	-1	-1	-1	-1	-1	-1	-1	-1	-1	-1	
271	27	一代宗师	炼气入体，突破九重。	45	8	-1	修炼称号	1	当前最高修炼境界达到第9重时，获得的称号。	-1	-1	-1	-1	-1	-1	-1	-1	-1	-1	-1	-1	-1	-1	-1	-1	-1	-1	-1	-1	-1	-1	-1	-1	-1	-1	-1	-1	-1	-1	-1	-1	-1	
272	27	震古烁今	炼气入体，突破十重。	45	9	-1	修炼称号	1	当前最高修炼境界达到第10重时，获得的称号。	-1	-1	-1	-1	-1	-1	-1	-1	-1	-1	-1	-1	-1	-1	-1	-1	-1	-1	-1	-1	-1	-1	-1	-1	-1	-1	-1	-1	-1	-1	-1	-1	-1	
273	27	超凡入圣	炼气入体，已臻化境。	45	10	-1	修炼称号	1	当前最高修炼境界达到第11重时，获得的称号。	-1	-1	-1	-1	-1	-1	-1	-1	-1	-1	-1	-1	-1	-1	-1	-1	-1	-1	-1	-1	-1	-1	-1	-1	-1	-1	-1	-1	-1	-1	-1	-1	-1	
274	27	超凡入圣·五行强者	五行宝典，已臻至境。	45	11	-1	修炼称号	1	五行宝典的当前最高修炼等级达到第12重时，获得的称号。	-1	-1	-1	-1	-1	-1	-1	-1	-1	-1	-1	-1	-1	-1	-1	-1	-1	-1	-1	-1	-1	-1	-1	-1	-1	-1	-1	-1	-1	-1	-1	-1	-1	
275	27	超凡入圣·无涯居士	无涯遗书，已臻至境。	45	11	-1	修炼称号	1	无涯遗书的当前最高修炼等级达到第12重时，获得的称号。	-1	-1	-1	-1	-1	-1	-1	-1	-1	-1	-1	-1	-1	-1	-1	-1	-1	-1	-1	-1	-1	-1	-1	-1	-1	-1	-1	-1	-1	-1	-1	-1	-1	
276	27	天人合一	至境无境，至道无道。	45	12	-1	修炼称号	1	当前最高修炼境界都达到第12重时，获得的称号。	-1	-1	-1	-1	-1	-1	-1	-1	-1	-1	-1	-1	-1	-1	-1	-1	-1	-1	-1	-1	-1	-1	-1	-1	-1	-1	-1	-1	-1	-1	-1	-1	-1	
277	28	江南侠士	慕容初级男弟子。	0	0	-1	师门贡献	0	慕容男弟子默认给予的称号。	-1	-1	-1	-1	-1	-1	-1	-1	-1	-1	-1	-1	-1	-1	-1	-1	-1	-1	-1	-1	-1	-1	-1	-1	-1	-1	-1	-1	-1	-1	-1	-1	0	
278	28	复国勇士	慕容中级男弟子。	0	0	-1	师门贡献	0	慕容男弟子的师门贡献度达到1000给予的称号。	-1	-1	-1	-1	-1	-1	-1	-1	-1	-1	-1	-1	-1	-1	-1	-1	-1	-1	-1	-1	-1	-1	-1	-1	-1	-1	-1	-1	-1	-1	-1	-1	0	
279	28	辅国谋士	慕容高级男弟子。	0	0	-1	师门贡献	0	慕容男弟子的师门贡献度达到2500给予的称号。	-1	-1	-1	-1	-1	-1	-1	-1	-1	-1	-1	-1	-1	-1	-1	-1	-1	-1	-1	-1	-1	-1	-1	-1	-1	-1	-1	-1	-1	-1	-1	-1	0	
280	28	燕皇遗脉	慕容资深男弟子。	0	0	-1	师门贡献	0	慕容男弟子的师门贡献度达到5000给予的称号。	-1	-1	-1	-1	-1	-1	-1	-1	-1	-1	-1	-1	-1	-1	-1	-1	-1	-1	-1	-1	-1	-1	-1	-1	-1	-1	-1	-1	-1	-1	-1	-1	0	
281	28	江南侠女	慕容初级女弟子。	0	0	-1	师门贡献	0	慕容女弟子默认给予的称号。	-1	-1	-1	-1	-1	-1	-1	-1	-1	-1	-1	-1	-1	-1	-1	-1	-1	-1	-1	-1	-1	-1	-1	-1	-1	-1	-1	-1	-1	-1	-1	-1	0	
282	28	茗香侠女	慕容中级女弟子。	0	0	-1	师门贡献	0	慕容女弟子的师门贡献度达到1000给予的称号。	-1	-1	-1	-1	-1	-1	-1	-1	-1	-1	-1	-1	-1	-1	-1	-1	-1	-1	-1	-1	-1	-1	-1	-1	-1	-1	-1	-1	-1	-1	-1	-1	0	
283	28	弦韵侠女	慕容高级女弟子。	0	0	-1	师门贡献	0	慕容女弟子的师门贡献度达到2500给予的称号。	-1	-1	-1	-1	-1	-1	-1	-1	-1	-1	-1	-1	-1	-1	-1	-1	-1	-1	-1	-1	-1	-1	-1	-1	-1	-1	-1	-1	-1	-1	-1	-1	0	
284	28	痴情红颜	慕容资深女弟子。	0	0	-1	师门贡献	0	慕容女弟子的师门贡献度达到5000给予的称号。	-1	-1	-1	-1	-1	-1	-1	-1	-1	-1	-1	-1	-1	-1	-1	-1	-1	-1	-1	-1	-1	-1	-1	-1	-1	-1	-1	-1	-1	-1	-1	-1	0	
285	29	一剑倾天下	独步武林，莫敢与争。	47	1	48	华山论剑称号	1	华山论剑中夺得门派赛、个人赛双料冠军的门派弟子可以领取的称号。	48	3	-1	-1	-1	-1	-1	-1	-1	-1	-1	-1	-1	-1	-1	-1	-1	-1	-1	-1	-1	-1	-1	-1	-1	-1	-1	-1	-1	-1	-1	-1	1	
286	30	绝尘江湖·少林	华山论剑，少林为先！	46	1	48	华山论剑称号	1	取得华山论剑个人赛的前三名获得的称号。	48	15	-1	-1	-1	-1	-1	-1	-1	-1	-1	-1	-1	-1	-1	-1	-1	-1	-1	-1	-1	-1	-1	-1	-1	-1	-1	-1	-1	-1	-1	-1	1	
287	30	绝尘江湖·明教	华山论剑，明教为先！	46	1	48	华山论剑称号	1	取得华山论剑个人赛的前三名获得的称号。	48	15	-1	-1	-1	-1	-1	-1	-1	-1	-1	-1	-1	-1	-1	-1	-1	-1	-1	-1	-1	-1	-1	-1	-1	-1	-1	-1	-1	-1	-1	-1	1	
288	30	绝尘江湖·丐帮	华山论剑，丐帮为先！	46	1	48	华山论剑称号	1	取得华山论剑个人赛的前三名获得的称号。	48	15	-1	-1	-1	-1	-1	-1	-1	-1	-1	-1	-1	-1	-1	-1	-1	-1	-1	-1	-1	-1	-1	-1	-1	-1	-1	-1	-1	-1	-1	-1	1	
289	30	绝尘江湖·武当	华山论剑，武当为先！	46	1	48	华山论剑称号	1	取得华山论剑个人赛的前三名获得的称号。	48	15	-1	-1	-1	-1	-1	-1	-1	-1	-1	-1	-1	-1	-1	-1	-1	-1	-1	-1	-1	-1	-1	-1	-1	-1	-1	-1	-1	-1	-1	-1	1	
290	30	绝尘江湖·峨嵋	华山论剑，峨眉为先！	46	1	48	华山论剑称号	1	取得华山论剑个人赛的前三名获得的称号。	48	15	-1	-1	-1	-1	-1	-1	-1	-1	-1	-1	-1	-1	-1	-1	-1	-1	-1	-1	-1	-1	-1	-1	-1	-1	-1	-1	-1	-1	-1	-1	1	
291	30	绝尘江湖·星宿	华山论剑，星宿为先！	46	1	48	华山论剑称号	1	取得华山论剑个人赛的前三名获得的称号。	48	15	-1	-1	-1	-1	-1	-1	-1	-1	-1	-1	-1	-1	-1	-1	-1	-1	-1	-1	-1	-1	-1	-1	-1	-1	-1	-1	-1	-1	-1	-1	1	
292	30	绝尘江湖·天龙	华山论剑，天龙为先！	46	1	48	华山论剑称号	1	取得华山论剑个人赛的前三名获得的称号。	48	15	-1	-1	-1	-1	-1	-1	-1	-1	-1	-1	-1	-1	-1	-1	-1	-1	-1	-1	-1	-1	-1	-1	-1	-1	-1	-1	-1	-1	-1	-1	1	
293	30	绝尘江湖·天山	华山论剑，天山为先！	46	1	48	华山论剑称号	1	取得华山论剑个人赛的前三名获得的称号。	48	15	-1	-1	-1	-1	-1	-1	-1	-1	-1	-1	-1	-1	-1	-1	-1	-1	-1	-1	-1	-1	-1	-1	-1	-1	-1	-1	-1	-1	-1	-1	1	
294	30	绝尘江湖·逍遥	华山论剑，逍遥为先！	46	1	48	华山论剑称号	1	取得华山论剑个人赛的前三名获得的称号。	48	15	-1	-1	-1	-1	-1	-1	-1	-1	-1	-1	-1	-1	-1	-1	-1	-1	-1	-1	-1	-1	-1	-1	-1	-1	-1	-1	-1	-1	-1	-1	1	
295	30	绝尘江湖·曼陀	华山论剑，曼陀为先！	46	1	48	华山论剑称号	1	取得华山论剑个人赛的前三名获得的称号。	48	15	-1	-1	-1	-1	-1	-1	-1	-1	-1	-1	-1	-1	-1	-1	-1	-1	-1	-1	-1	-1	-1	-1	-1	-1	-1	-1	-1	-1	-1	-1	1	
296	31	$N球迷	专属称号，铁杆球迷的证明	61	1	-1	球迷节日活动称号	0	海外世界杯活动称号。	-1	-1	-1	-1	-1	-1	-1	-1	-1	-1	-1	-1	-1	-1	-1	-1	-1	-1	-1	-1	-1	-1	-1	-1	-1	-1	-1	-1	-1	-1	-1	-1	-1	
297	32	热心球迷	观看世界蹴鞠大赛的热心球迷。	62	1	1440	南非世界杯称号	1	世界蹴鞠大赛竞猜积分在1000~3499之间给予的称号。	-1	-1	-1	-1	-1	-1	-1	-1	-1	-1	-1	-1	-1	-1	-1	-1	-1	-1	-1	-1	-1	-1	-1	-1	-1	-1	-1	-1	-1	-1	-1	-1	-1	
298	32	高端球迷	热爱世界蹴鞠大赛的高端球迷。	62	2	1440	南非世界杯称号	1	世界蹴鞠大赛竞猜积分在3500~5199之间给予的称号。	-1	-1	-1	-1	-1	-1	-1	-1	-1	-1	-1	-1	-1	-1	-1	-1	-1	-1	-1	-1	-1	-1	-1	-1	-1	-1	-1	-1	-1	-1	-1	-1	-1	
299	32	资深球帝	评论世界蹴鞠大赛的资深球帝。	62	3	1440	南非世界杯称号	1	世界蹴鞠大赛竞猜积分在5200~10399之间给予的称号。	-1	-1	-1	-1	-1	-1	-1	-1	-1	-1	-1	-1	-1	-1	-1	-1	-1	-1	-1	-1	-1	-1	-1	-1	-1	-1	-1	-1	-1	-1	-1	-1	-1	
300	32	黄金球神	鉴赏世界蹴鞠大赛的黄金球神。	62	4	1440	南非世界杯称号	1	世界蹴鞠大赛竞猜积分10400或以上给予的称号。	-1	-1	-1	-1	-1	-1	-1	-1	-1	-1	-1	-1	-1	-1	-1	-1	-1	-1	-1	-1	-1	-1	-1	-1	-1	-1	-1	-1	-1	-1	-1	-1	-1	
301	33	梦回天龙我为先	梦回天龙，我为先锋。	52	1	-1	参加怀旧·新天龙八部初心首测，角色等级达50级获得。	1	参加怀旧·新天龙八部初心首测，角色等级达50级获得。	-1	-1	-1	-1	-1	-1	-1	-1	-1	-1	-1	-1	-1	-1	-1	-1	-1	-1	-1	-1	-1	-1	-1	-1	-1	-1	-1	-1	-1	-1	-1	-1	-1	
302	34	天龙故友·一载归来	相识一载，再见故友。执手相看，言笑晏晏。	51	1	-1	成功使用天龙故友系列礼包后获得。	1	与新天龙八部相识一载的侠士，再现天龙江湖之时，所被授予的荣誉称号。成功使用天龙故友系列礼包后获得。	-1	-1	-1	-1	-1	-1	-1	-1	-1	-1	-1	-1	-1	-1	-1	-1	-1	-1	-1	-1	-1	-1	-1	-1	-1	-1	-1	-1	-1	-1	-1	-1	-1	
303	34	天龙故友·二载归来	相识二载，再见故友。执手相看，言笑晏晏。	51	1	-1	成功使用天龙故友系列礼包后获得。	1	与新天龙八部相识二载的侠士，再现天龙江湖之时，所被授予的荣誉称号。成功使用天龙故友系列礼包后获得。	-1	-1	-1	-1	-1	-1	-1	-1	-1	-1	-1	-1	-1	-1	-1	-1	-1	-1	-1	-1	-1	-1	-1	-1	-1	-1	-1	-1	-1	-1	-1	-1	-1	
304	34	天龙故友·三载归来	相识三载，再见故友。执手相看，言笑晏晏。	51	1	-1	成功使用天龙故友系列礼包后获得。	1	与新天龙八部相识三载的侠士，再现天龙江湖之时，所被授予的荣誉称号。成功使用天龙故友系列礼包后获得。	-1	-1	-1	-1	-1	-1	-1	-1	-1	-1	-1	-1	-1	-1	-1	-1	-1	-1	-1	-1	-1	-1	-1	-1	-1	-1	-1	-1	-1	-1	-1	-1	-1	
305	34	天龙故友·四载归来	相识四载，再见故友。执手相看，言笑晏晏。	51	1	-1	成功使用天龙故友系列礼包后获得。	1	与新天龙八部相识四载的侠士，再现天龙江湖之时，所被授予的荣誉称号。成功使用天龙故友系列礼包后获得。	-1	-1	-1	-1	-1	-1	-1	-1	-1	-1	-1	-1	-1	-1	-1	-1	-1	-1	-1	-1	-1	-1	-1	-1	-1	-1	-1	-1	-1	-1	-1	-1	-1	
306	34	天龙故友·五载归来	相识五载，再见故友。执手相看，言笑晏晏。	51	1	-1	成功使用天龙故友系列礼包后获得。	1	与新天龙八部相识五载的侠士，再现天龙江湖之时，所被授予的荣誉称号。成功使用天龙故友系列礼包后获得。	-1	-1	-1	-1	-1	-1	-1	-1	-1	-1	-1	-1	-1	-1	-1	-1	-1	-1	-1	-1	-1	-1	-1	-1	-1	-1	-1	-1	-1	-1	-1	-1	-1	
307	34	天龙故友·六载归来	相识六载，再见故友。执手相看，言笑晏晏。	51	1	-1	成功使用天龙故友系列礼包后获得。	1	与新天龙八部相识六载的侠士，再现天龙江湖之时，所被授予的荣誉称号。成功使用天龙故友系列礼包后获得。	-1	-1	-1	-1	-1	-1	-1	-1	-1	-1	-1	-1	-1	-1	-1	-1	-1	-1	-1	-1	-1	-1	-1	-1	-1	-1	-1	-1	-1	-1	-1	-1	-1	
308	34	天龙故友·七载归来	相识七载，再见故友。执手相看，言笑晏晏。	51	1	-1	成功使用天龙故友系列礼包后获得。	1	与新天龙八部相识七载的侠士，再现天龙江湖之时，所被授予的荣誉称号。成功使用天龙故友系列礼包后获得。	-1	-1	-1	-1	-1	-1	-1	-1	-1	-1	-1	-1	-1	-1	-1	-1	-1	-1	-1	-1	-1	-1	-1	-1	-1	-1	-1	-1	-1	-1	-1	-1	-1	
309	34	天龙故友·八载归来	相识八载，再见故友。执手相看，言笑晏晏。	51	1	-1	成功使用天龙故友系列礼包后获得。	1	与新天龙八部相识八载的侠士，再现天龙江湖之时，所被授予的荣誉称号。成功使用天龙故友系列礼包后获得。	-1	-1	-1	-1	-1	-1	-1	-1	-1	-1	-1	-1	-1	-1	-1	-1	-1	-1	-1	-1	-1	-1	-1	-1	-1	-1	-1	-1	-1	-1	-1	-1	-1	
310	34	天龙故友·九载归来	相识九载，再见故友。执手相看，言笑晏晏。	51	1	-1	成功使用天龙故友系列礼包后获得。	1	与新天龙八部相识九载的侠士，再现天龙江湖之时，所被授予的荣誉称号。成功使用天龙故友系列礼包后获得。	-1	-1	-1	-1	-1	-1	-1	-1	-1	-1	-1	-1	-1	-1	-1	-1	-1	-1	-1	-1	-1	-1	-1	-1	-1	-1	-1	-1	-1	-1	-1	-1	-1	
311	34	天龙故友·十载归来	相识十载，再见故友。执手相看，言笑晏晏。	51	1	-1	成功使用天龙故友系列礼包后获得。	1	与新天龙八部相识十载的侠士，再现天龙江湖之时，所被授予的荣誉称号。成功使用天龙故友系列礼包后获得。	-1	-1	-1	-1	-1	-1	-1	-1	-1	-1	-1	-1	-1	-1	-1	-1	-1	-1	-1	-1	-1	-1	-1	-1	-1	-1	-1	-1	-1	-1	-1	-1	-1	
312	34	旷世嵩迷	音乐纯粹，爱嵩绝对。天龙江湖，有你相陪。许嵩歌迷的可爱凭证。	53	1	-1	使用爱嵩绝对礼匣后获得。	1	使用爱嵩绝对礼匣后获得。	-1	-1	-1	-1	-1	-1	-1	-1	-1	-1	-1	-1	-1	-1	-1	-1	-1	-1	-1	-1	-1	-1	-1	-1	-1	-1	-1	-1	-1	-1	-1	-1	-1	
313	35	年华梦里故人来	2020年新天龙八部嘉年华，等你来耍~	54	1	-1	成功使用天龙游侠锦盒或天龙豪侠锦盒后获得。	1	成功使用天龙游侠锦盒或天龙豪侠锦盒后获得。	-1	-1	-1	-1	-1	-1	-1	-1	-1	-1	-1	-1	-1	-1	-1	-1	-1	-1	-1	-1	-1	-1	-1	-1	-1	-1	-1	-1	-1	-1	-1	-1	-1	
314	36	$N大掌柜	生意兴隆，财运亨通。九州商会，与君相逢。	26	1	-1	道具	1	通过成为九州商会店主而获得的称号。	-1	-1	-1	-1	-1	-1	-1	-1	-1	-1	-1	-1	-1	-1	-1	-1	-1	-1	-1	-1	-1	-1	-1	-1	-1	-1	-1	-1	-1	-1	-1	-1	-1	
315	37	$N大掌柜	生意兴隆，财运亨通。九州商会，与君相逢。	27	1	-1	珍兽	1	通过成为九州商会店主而获得的称号。	-1	-1	-1	-1	-1	-1	-1	-1	-1	-1	-1	-1	-1	-1	-1	-1	-1	-1	-1	-1	-1	-1	-1	-1	-1	-1	-1	-1	-1	-1	-1	-1	-1	
316	38	$N的弟子	师徒称号。	25	1	-1	师徒称号	1	通过拜师成为其他玩家的弟子而获得的称号。	-1	-1	-1	-1	-1	-1	-1	-1	-1	-1	-1	-1	-1	-1	-1	-1	-1	-1	-1	-1	-1	-1	-1	-1	-1	-1	-1	-1	-1	-1	-1	-1	-1	
317	12	曼陀侠士	曼陀初级男弟子。	21	1	-1	师门贡献	1	曼陀男弟子默认给予的称号。	-1	-1	-1	-1	-1	-1	-1	-1	-1	-1	-1	-1	-1	-1	-1	-1	-1	-1	-1	-1	-1	-1	-1	-1	-1	-1	-1	-1	-1	-1	-1	-1	0	
318	12	凝徽琴师	曼陀中级男弟子。	21	2	-1	师门贡献	1	曼陀男弟子的师门贡献度达到1000给予的称号。	-1	-1	-1	-1	-1	-1	-1	-1	-1	-1	-1	-1	-1	-1	-1	-1	-1	-1	-1	-1	-1	-1	-1	-1	-1	-1	-1	-1	-1	-1	-1	-1	0	
319	12	拂晓琴宗	曼陀高级男弟子。	21	3	-1	师门贡献	1	曼陀男弟子的师门贡献度达到2500给予的称号。	-1	-1	-1	-1	-1	-1	-1	-1	-1	-1	-1	-1	-1	-1	-1	-1	-1	-1	-1	-1	-1	-1	-1	-1	-1	-1	-1	-1	-1	-1	-1	-1	0	
320	12	渡情琴仙	曼陀资深男弟子。	21	4	-1	师门贡献	1	曼陀男弟子的师门贡献度达到5000给予的称号。	-1	-1	-1	-1	-1	-1	-1	-1	-1	-1	-1	-1	-1	-1	-1	-1	-1	-1	-1	-1	-1	-1	-1	-1	-1	-1	-1	-1	-1	-1	-1	-1	0	
321	12	曼陀侠女	曼陀初级女弟子。	21	1	-1	师门贡献	1	曼陀女弟子默认给予的称号。	-1	-1	-1	-1	-1	-1	-1	-1	-1	-1	-1	-1	-1	-1	-1	-1	-1	-1	-1	-1	-1	-1	-1	-1	-1	-1	-1	-1	-1	-1	-1	-1	0	
322	12	聆韵琴师	曼陀中级女弟子。	21	2	-1	师门贡献	1	曼陀女弟子的师门贡献度达到1000给予的称号。	-1	-1	-1	-1	-1	-1	-1	-1	-1	-1	-1	-1	-1	-1	-1	-1	-1	-1	-1	-1	-1	-1	-1	-1	-1	-1	-1	-1	-1	-1	-1	-1	0	
323	12	清照琴宗	曼陀高级女弟子。	21	3	-1	师门贡献	1	曼陀女弟子的师门贡献度达到2500给予的称号。	-1	-1	-1	-1	-1	-1	-1	-1	-1	-1	-1	-1	-1	-1	-1	-1	-1	-1	-1	-1	-1	-1	-1	-1	-1	-1	-1	-1	-1	-1	-1	-1	0	
324	12	观情琴仙	曼陀资深女弟子。	21	4	-1	师门贡献	1	曼陀女弟子的师门贡献度达到5000给予的称号。	-1	-1	-1	-1	-1	-1	-1	-1	-1	-1	-1	-1	-1	-1	-1	-1	-1	-1	-1	-1	-1	-1	-1	-1	-1	-1	-1	-1	-1	-1	-1	-1	0	
