INT	STRING	INT	INT	INT	INT	INT	INT	INT	INT	INT	INT	INT	INT	INT	INT	INT	INT	INT	INT	INT	INT	INT	INT	INT	INT	INT	INT	INT	INT	INT	INT	INT	INT	STRING
标识ID的分类ID	分类说明	本行中所有ID的类型(必须填)	本类中的ID数量	ID1	ID2	ID3	ID4	ID5	ID6	ID7	ID8	ID9	ID10	ID11	ID12	ID13	ID14	ID15	ID16	ID17	ID18	ID19	ID20	ID21	ID22	ID23	ID24	ID25	ID26	ID27	ID28	ID29	ID30	结尾说明，测试用
1	摩诃无量+万劫无相+明镜无尘	0	3	105	108	106	0	0	0	0	0	0	0	0	0	0	0	0	0	0	0	0	0	0	0	0	0	0	0	0	0	0	0		
2	摩诃无量+万劫无相+迦叶会心	0	3	105	108	109	0	0	0	0	0	0	0	0	0	0	0	0	0	0	0	0	0	0	0	0	0	0	0	0	0	0	0		
3	摩诃无量	0	1	105	0	0	0	0	0	0	0	0	0	0	0	0	0	0	0	0	0	0	0	0	0	0	0	0	0	0	0	0	0		
4	万劫无相	0	1	108	0	0	0	0	0	0	0	0	0	0	0	0	0	0	0	0	0	0	0	0	0	0	0	0	0	0	0	0	0		
5	HPDOT1~4	1	4	1	2	3	4	0	0	0	0	0	0	0	0	0	0	0	0	0	0	0	0	0	0	0	0	0	0	0	0	0	0		
6	HPDOT5~6	1	3	5	6	46	0	0	0	0	0	0	0	0	0	0	0	0	0	0	0	0	0	0	0	0	0	0	0	0	0	0	0		
7	日行式+夜行式	0	2	117	118	0	0	0	0	0	0	0	0	0	0	0	0	0	0	0	0	0	0	0	0	0	0	0	0	0	0	0	0		
8	日行式	0	1	117	0	0	0	0	0	0	0	0	0	0	0	0	0	0	0	0	0	0	0	0	0	0	0	0	0	0	0	0	0		
9	夜行式	0	1	118	0	0	0	0	0	0	0	0	0	0	0	0	0	0	0	0	0	0	0	0	0	0	0	0	0	0	0	0	0		
10	囚龙式+擒龙式	0	2	126	127	0	0	0	0	0	0	0	0	0	0	0	0	0	0	0	0	0	0	0	0	0	0	0	0	0	0	0	0		
11	囚龙式+擒龙式+神龙摆尾	0	3	126	127	129	0	0	0	0	0	0	0	0	0	0	0	0	0	0	0	0	0	0	0	0	0	0	0	0	0	0	0		
12	囚龙式	0	1	126	0	0	0	0	0	0	0	0	0	0	0	0	0	0	0	0	0	0	0	0	0	0	0	0	0	0	0	0	0		
13	擒龙式	0	1	127	0	0	0	0	0	0	0	0	0	0	0	0	0	0	0	0	0	0	0	0	0	0	0	0	0	0	0	0	0		
14	犀牛望月式+野马分鬃式+玉女穿梭	0	3	137	138	140	0	0	0	0	0	0	0	0	0	0	0	0	0	0	0	0	0	0	0	0	0	0	0	0	0	0	0		
15	犀牛望月式+野马分鬃式+白鹤晾翅	0	3	137	140	141	0	0	0	0	0	0	0	0	0	0	0	0	0	0	0	0	0	0	0	0	0	0	0	0	0	0	0		
16	犀牛望月式	0	1	137	0	0	0	0	0	0	0	0	0	0	0	0	0	0	0	0	0	0	0	0	0	0	0	0	0	0	0	0	0		
17	野马分鬃式	0	1	140	0	0	0	0	0	0	0	0	0	0	0	0	0	0	0	0	0	0	0	0	0	0	0	0	0	0	0	0	0		
18	绝剑式	0	1	147	0	0	0	0	0	0	0	0	0	0	0	0	0	0	0	0	0	0	0	0	0	0	0	0	0	0	0	0	0		
19	灭剑式	0	1	148	0	0	0	0	0	0	0	0	0	0	0	0	0	0	0	0	0	0	0	0	0	0	0	0	0	0	0	0	0		
20	菩提护体	0	1	145	0	0	0	0	0	0	0	0	0	0	0	0	0	0	0	0	0	0	0	0	0	0	0	0	0	0	0	0	0		
21	绝剑式＋灭剑式＋斩情诀	0	3	147	148	151	0	0	0	0	0	0	0	0	0	0	0	0	0	0	0	0	0	0	0	0	0	0	0	0	0	0	0		
22	绝剑式＋灭剑式	0	2	147	148	0	0	0	0	0	0	0	0	0	0	0	0	0	0	0	0	0	0	0	0	0	0	0	0	0	0	0	0		
23	峨嵋聚气技能	3	1	403	0	0	0	0	0	0	0	0	0	0	0	0	0	0	0	0	0	0	0	0	0	0	0	0	0	0	0	0	0		
24	神木行	0	1	159	0	0	0	0	0	0	0	0	0	0	0	0	0	0	0	0	0	0	0	0	0	0	0	0	0	0	0	0	0		
25	御水行	0	1	161	0	0	0	0	0	0	0	0	0	0	0	0	0	0	0	0	0	0	0	0	0	0	0	0	0	0	0	0	0		
26	神木行+御水行	0	2	159	161	0	0	0	0	0	0	0	0	0	0	0	0	0	0	0	0	0	0	0	0	0	0	0	0	0	0	0	0		
27	天南步法	0	1	171	0	0	0	0	0	0	0	0	0	0	0	0	0	0	0	0	0	0	0	0	0	0	0	0	0	0	0	0	0		
28	天龙步法	0	1	172	0	0	0	0	0	0	0	0	0	0	0	0	0	0	0	0	0	0	0	0	0	0	0	0	0	0	0	0	0		
29	天南步法+天龙步法+非枯非荣	0	3	171	172	173	0	0	0	0	0	0	0	0	0	0	0	0	0	0	0	0	0	0	0	0	0	0	0	0	0	0	0		
30	天南步法+天龙步法	0	2	171	172	0	0	0	0	0	0	0	0	0	0	0	0	0	0	0	0	0	0	0	0	0	0	0	0	0	0	0	0		
31	奈何心生	0	1	185	0	0	0	0	0	0	0	0	0	0	0	0	0	0	0	0	0	0	0	0	0	0	0	0	0	0	0	0	0		
32	奈何心死	0	1	183	0	0	0	0	0	0	0	0	0	0	0	0	0	0	0	0	0	0	0	0	0	0	0	0	0	0	0	0	0		
33	奈何心生+奈何心死	0	2	183	185	0	0	0	0	0	0	0	0	0	0	0	0	0	0	0	0	0	0	0	0	0	0	0	0	0	0	0	0		
34	诛仙阵	3	1	529	0	0	0	0	0	0	0	0	0	0	0	0	0	0	0	0	0	0	0	0	0	0	0	0	0	0	0	0	0		
35	抚琴式	0	1	196	0	0	0	0	0	0	0	0	0	0	0	0	0	0	0	0	0	0	0	0	0	0	0	0	0	0	0	0	0		
36	运笔式	0	1	192	0	0	0	0	0	0	0	0	0	0	0	0	0	0	0	0	0	0	0	0	0	0	0	0	0	0	0	0	0		
37	抚琴式+运笔式	0	2	192	196	0	0	0	0	0	0	0	0	0	0	0	0	0	0	0	0	0	0	0	0	0	0	0	0	0	0	0	0		
38	抚琴式+运笔式+江行初雪	0	3	192	196	193	0	0	0	0	0	0	0	0	0	0	0	0	0	0	0	0	0	0	0	0	0	0	0	0	0	0	0		
39	围困	1	1	11	0	0	0	0	0	0	0	0	0	0	0	0	0	0	0	0	0	0	0	0	0	0	0	0	0	0	0	0	0		
40	封穴	1	2	13	122	0	0	0	0	0	0	0	0	0	0	0	0	0	0	0	0	0	0	0	0	0	0	0	0	0	0	0	0		
41	昏睡	1	1	15	0	0	0	0	0	0	0	0	0	0	0	0	0	0	0	0	0	0	0	0	0	0	0	0	0	0	0	0	0		
42	失明	1	1	17	0	0	0	0	0	0	0	0	0	0	0	0	0	0	0	0	0	0	0	0	0	0	0	0	0	0	0	0	0		
43	定身	1	1	19	0	0	0	0	0	0	0	0	0	0	0	0	0	0	0	0	0	0	0	0	0	0	0	0	0	0	0	0	0		
44	散功	1	1	21	0	0	0	0	0	0	0	0	0	0	0	0	0	0	0	0	0	0	0	0	0	0	0	0	0	0	0	0	0		
45	僵硬	1	3	23	38	98	0	0	0	0	0	0	0	0	0	0	0	0	0	0	0	0	0	0	0	0	0	0	0	0	0	0	0		
46	石化	1	1	12	0	0	0	0	0	0	0	0	0	0	0	0	0	0	0	0	0	0	0	0	0	0	0	0	0	0	0	0	0		
47	麻痹	1	2	14	639	0	0	0	0	0	0	0	0	0	0	0	0	0	0	0	0	0	0	0	0	0	0	0	0	0	0	0	0		
48	失明	1	1	16	0	0	0	0	0	0	0	0	0	0	0	0	0	0	0	0	0	0	0	0	0	0	0	0	0	0	0	0	0		
49	恐惧	1	1	18	0	0	0	0	0	0	0	0	0	0	0	0	0	0	0	0	0	0	0	0	0	0	0	0	0	0	0	0	0		
50	缠绕	1	1	20	0	0	0	0	0	0	0	0	0	0	0	0	0	0	0	0	0	0	0	0	0	0	0	0	0	0	0	0	0		
51	就擒	1	1	22	0	0	0	0	0	0	0	0	0	0	0	0	0	0	0	0	0	0	0	0	0	0	0	0	0	0	0	0	0		
52	破绽	1	12	24	25	26	27	28	29	30	31	112	113	139	1516	0	0	0	0	0	0	0	0	0	0	0	0	0	0	0	0	0	0		
53	虚弱	1	7	32	33	34	35	36	37	1514	0	0	0	0	0	0	0	0	0	0	0	0	0	0	0	0	0	0	0	0	0	0	0		
54	强化	1	21	39	40	41	42	43	44	45	46	47	48	49	50	51	52	53	54	55	56	57	58	59	0	0	0	0	0	0	0	0	0		
55	增强	1	21	60	61	62	63	64	65	66	67	68	69	70	71	72	73	74	75	76	77	78	79	80	0	0	0	0	0	0	0	0	0		
56	少林攻击技能	3	14	0	281	282	283	291	295	298	4408	4409	4410	4411	4412	4413	4414	0	0	0	0	0	0	0	0	0	0	0	0	0	0	0	0		
57	丐帮攻击技能	3	9	0	341	342	343	347	351	355	358	361	0	0	0	0	0	0	0	0	0	0	0	0	0	0	0	0	0	0	0	0	0		
58	武当攻击技能	3	9	0	371	372	373	377	385	388	391	395	0	0	0	0	0	0	0	0	0	0	0	0	0	0	0	0	0	0	0	0	0		
59	大理攻击技能	3	13	0	461	462	463	465	467	469	471	475	478	481	487	488	0	0	0	0	0	0	0	0	0	0	0	0	0	0	0	0	0		
60	控制	1	13	11	12	13	14	15	16	17	18	19	20	21	22	122	0	0	0	0	0	0	0	0	0	0	0	0	0	0	0	0	0		
61	隐身	0	5	99	176	177	180	214	0	0	0	0	0	0	0	0	0	0	0	0	0	0	0	0	0	0	0	0	0	0	0	0	0		
62	峨嵋攻击技能	3	7	401	403	404	415	418	421	426	0	0	0	0	0	0	0	0	0	0	0	0	0	0	0	0	0	0	0	0	0	0	0		
63	漕运免疫（隐身、骑乘）	1	2	99	251	0	0	0	0	0	0	0	0	0	0	0	0	0	0	0	0	0	0	0	0	0	0	0	0	0	0	0	0		
64	漕运禁用技能(乘骑，隐身，回城)	3	5	21	22	248	496	497	0	0	0	0	0	0	0	0	0	0	0	0	0	0	0	0	0	0	0	0	0	0	0	0	0		
65	引爆陷阱类型	6	1	2	0	0	0	0	0	0	0	0	0	0	0	0	0	0	0	0	0	0	0	0	0	0	0	0	0	0	0	0	0		
66	乘骑	1	1	99	0	0	0	0	0	0	0	0	0	0	0	0	0	0	0	0	0	0	0	0	0	0	0	0	0	0	0	0	0		
67	门派攻击技能1	3	30	281	283	291	295	298	311	313	321	325	328	341	343	351	355	358	371	373	381	385	388	401	403	411	415	418	431	433	441	445	448		
68	门派攻击技能2	3	28	461	463	471	475	478	491	493	501	505	508	521	523	531	535	538	347	377	404	437	450	507	361	391	421	451	481	511	541	0	0		
69	引导类技能	3	14	53	59	60	61	62	373	378	404	432	437	443	462	700	701	0	0	0	0	0	0	0	0	0	0	0	0	0	0	0	0		
70	普通攻击和连续技	3	16	0	281	311	341	371	401	431	461	491	521	760	3266	3267	3268	3269	760	0	0	0	0	0	0	0	0	0	0	0	0	0	0		
71	火烧赤壁	3	1	1002	0	0	0	0	0	0	0	0	0	0	0	0	0	0	0	0	0	0	0	0	0	0	0	0	0	0	0	0	0		
72	封印	1	2	136	213	0	0	0	0	0	0	0	0	0	0	0	0	0	0	0	0	0	0	0	0	0	0	0	0	0	0	0	0		
73	蛟龙乱舞	3	1	1004	0	0	0	0	0	0	0	0	0	0	0	0	0	0	0	0	0	0	0	0	0	0	0	0	0	0	0	0	0		
74	蜃龙乱舞	3	1	1006	0	0	0	0	0	0	0	0	0	0	0	0	0	0	0	0	0	0	0	0	0	0	0	0	0	0	0	0	0		
75	开箱免疫	1	15	96	99	131	150	176	177	180	214	276	334	372	373	374	375	158	0	0	0	0	0	0	0	0	0	0	0	0	0	0	0		
76	开膛	1	1	441	0	0	0	0	0	0	0	0	0	0	0	0	0	0	0	0	0	0	0	0	0	0	0	0	0	0	0	0	0		
77	噬血	1	1	5	0	0	0	0	0	0	0	0	0	0	0	0	0	0	0	0	0	0	0	0	0	0	0	0	0	0	0	0	0		
78	兽毒	1	1	6	0	0	0	0	0	0	0	0	0	0	0	0	0	0	0	0	0	0	0	0	0	0	0	0	0	0	0	0	0		
79	失魂	1	1	16	0	0	0	0	0	0	0	0	0	0	0	0	0	0	0	0	0	0	0	0	0	0	0	0	0	0	0	0	0		
80	中毒	1	2	2	129	0	0	0	0	0	0	0	0	0	0	0	0	0	0	0	0	0	0	0	0	0	0	0	0	0	0	0	0		
81	灼烧	1	1	4	0	0	0	0	0	0	0	0	0	0	0	0	0	0	0	0	0	0	0	0	0	0	0	0	0	0	0	0	0		
82	失血	1	1	1	0	0	0	0	0	0	0	0	0	0	0	0	0	0	0	0	0	0	0	0	0	0	0	0	0	0	0	0	0		
83	治疗技能	3	4	245	407	423	424	0	0	0	0	0	0	0	0	0	0	0	0	0	0	0	0	0	0	0	0	0	0	0	0	0	0		
84	影遁	3	1	248	0	0	0	0	0	0	0	0	0	0	0	0	0	0	0	0	0	0	0	0	0	0	0	0	0	0	0	0	0		
85	剑舞内功	1	1	1019	0	0	0	0	0	0	0	0	0	0	0	0	0	0	0	0	0	0	0	0	0	0	0	0	0	0	0	0	0		
86	剑舞外功	1	1	1020	0	0	0	0	0	0	0	0	0	0	0	0	0	0	0	0	0	0	0	0	0	0	0	0	0	0	0	0	0		
87	圣火传递乌龟免疫	0	5	634	636	637	638	639	0	0	0	0	0	0	0	0	0	0	0	0	0	0	0	0	0	0	0	0	0	0	0	0	0		
88	嘲讽之外的控制	1	15	11	13	14	15	17	18	19	20	21	22	23	136	269	382	122	0	0	0	0	0	0	0	0	0	0	0	0	0	0	0		
89	减血气上限	1	1	32	0	0	0	0	0	0	0	0	0	0	0	0	0	0	0	0	0	0	0	0	0	0	0	0	0	0	0	0	0		
90	嘲讽技能	3	3	287	304	305	0	0	0	0	0	0	0	0	0	0	0	0	0	0	0	0	0	0	0	0	0	0	0	0	0	0	0		
91	剑舞(紫)	1	1	704	0	0	0	0	0	0	0	0	0	0	0	0	0	0	0	0	0	0	0	0	0	0	0	0	0	0	0	0	0		
92	剑舞(红)	1	1	705	0	0	0	0	0	0	0	0	0	0	0	0	0	0	0	0	0	0	0	0	0	0	0	0	0	0	0	0	0		
93	剑舞(白)	1	1	706	0	0	0	0	0	0	0	0	0	0	0	0	0	0	0	0	0	0	0	0	0	0	0	0	0	0	0	0	0		
94	剑舞(黄)	1	1	707	0	0	0	0	0	0	0	0	0	0	0	0	0	0	0	0	0	0	0	0	0	0	0	0	0	0	0	0	0		
95	剑舞(蓝)	1	1	708	0	0	0	0	0	0	0	0	0	0	0	0	0	0	0	0	0	0	0	0	0	0	0	0	0	0	0	0	0		
96	剑舞(绿)	1	1	709	0	0	0	0	0	0	0	0	0	0	0	0	0	0	0	0	0	0	0	0	0	0	0	0	0	0	0	0	0		
97	峨眉冲虚养气	3	1	407	0	0	0	0	0	0	0	0	0	0	0	0	0	0	0	0	0	0	0	0	0	0	0	0	0	0	0	0	0		
98	峨眉冲虚养气+清心	3	3	407	424	426	0	0	0	0	0	0	0	0	0	0	0	0	0	0	0	0	0	0	0	0	0	0	0	0	0	0	0		
99	变身集合	1	1	269	0	0	0	0	0	0	0	0	0	0	0	0	0	0	0	0	0	0	0	0	0	0	0	0	0	0	0	0	0		
100	伤害放大技能	3	3	402	467	535	0	0	0	0	0	0	0	0	0	0	0	0	0	0	0	0	0	0	0	0	0	0	0	0	0	0	0		
101	天地明灭+烽火连城	3	2	334	515	0	0	0	0	0	0	0	0	0	0	0	0	0	0	0	0	0	0	0	0	0	0	0	0	0	0	0	0		
102	珍兽连击技能	3	2	726	727	0	0	0	0	0	0	0	0	0	0	0	0	0	0	0	0	0	0	0	0	0	0	0	0	0	0	0	0		
103	珍兽猛击技能	3	11	722	723	1260	1261	1262	1263	1264	1265	1266	1267	1268	0	0	0	0	0	0	0	0	0	0	0	0	0	0	0	0	0	0	0		
104	珍兽痛击技能	3	11	728	729	1251	1252	1253	1254	1255	1256	1257	1258	1259	0	0	0	0	0	0	0	0	0	0	0	0	0	0	0	0	0	0	0		
105	珍兽属性攻击技能1	3	22	702	703	704	705	1269	1270	1271	1272	1273	1274	1275	1276	1277	1278	1279	1280	1281	1282	1283	1284	1285	1286	0	0	0	0	0	0	0	0		
106	珍兽属性攻击技能2	3	18	1287	1288	1289	1290	1291	1292	1293	1294	1295	1296	1297	1298	1299	1300	1301	1302	1303	1304	0	0	0	0	0	0	0	0	0	0	0	0		
107	灵动	3	2	712	713	0	0	0	0	0	0	0	0	0	0	0	0	0	0	0	0	0	0	0	0	0	0	0	0	0	0	0	0		
108	灵气	3	2	720	721	0	0	0	0	0	0	0	0	0	0	0	0	0	0	0	0	0	0	0	0	0	0	0	0	0	0	0	0		
109	忠心	3	2	718	719	0	0	0	0	0	0	0	0	0	0	0	0	0	0	0	0	0	0	0	0	0	0	0	0	0	0	0	0		
110	反震	3	2	710	711	0	0	0	0	0	0	0	0	0	0	0	0	0	0	0	0	0	0	0	0	0	0	0	0	0	0	0	0		
111	反击	3	2	706	707	0	0	0	0	0	0	0	0	0	0	0	0	0	0	0	0	0	0	0	0	0	0	0	0	0	0	0	0		
112	摔拌	3	2	734	735	0	0	0	0	0	0	0	0	0	0	0	0	0	0	0	0	0	0	0	0	0	0	0	0	0	0	0	0		
113	破绽	3	2	732	733	0	0	0	0	0	0	0	0	0	0	0	0	0	0	0	0	0	0	0	0	0	0	0	0	0	0	0	0		
114	虚弱	3	2	730	731	0	0	0	0	0	0	0	0	0	0	0	0	0	0	0	0	0	0	0	0	0	0	0	0	0	0	0	0		
115	打怒	3	2	716	717	0	0	0	0	0	0	0	0	0	0	0	0	0	0	0	0	0	0	0	0	0	0	0	0	0	0	0	0		
116	吸气	3	2	714	715	0	0	0	0	0	0	0	0	0	0	0	0	0	0	0	0	0	0	0	0	0	0	0	0	0	0	0	0		
117	怒火连斩	3	19	0	242	243	244	274	311	312	313	319	321	325	328	4408	4409	4410	4411	4412	4413	4414	0	0	0	0	0	0	0	0	0	0	0		
118	被动隐身	0	3	176	180	214	0	0	0	0	0	0	0	0	0	0	0	0	0	0	0	0	0	0	0	0	0	0	0	0	0	0	0		
119	引导加血	1	2	1505	9	0	0	0	0	0	0	0	0	0	0	0	0	0	0	0	0	0	0	0	0	0	0	0	0	0	0	0	0		
120	怒火连斩	8	6	121	167	168	169	170	171	0	0	0	0	0	0	0	0	0	0	0	0	0	0	0	0	0	0	0	0	0	0	0	0		
121	十大门派的第一本心法第一个技能	3	10	281	311	341	371	401	431	461	491	521	760	0	0	0	0	0	0	0	0	0	0	0	0	0	0	0	0	0	0	0	0		
122	十大门派的第二本心法第一个技能	3	10	283	313	343	373	403	433	463	493	523	763	0	0	0	0	0	0	0	0	0	0	0	0	0	0	0	0	0	0	0	0		
123	十大门派的第四本心法第三个技能	3	10	292	322	352	382	412	442	472	502	532	772	0	0	0	0	0	0	0	0	0	0	0	0	0	0	0	0	0	0	0	0		
124	十大门派的第五本心法第二个技能	3	10	295	325	355	385	415	445	475	505	535	775	0	0	0	0	0	0	0	0	0	0	0	0	0	0	0	0	0	0	0	0		
125	十大门派的第五本心法第三个技能	3	10	296	326	356	386	416	446	476	506	536	776	0	0	0	0	0	0	0	0	0	0	0	0	0	0	0	0	0	0	0	0		
126	十大门派的第六本心法第一个技能	3	10	298	328	358	388	418	448	478	508	538	778	0	0	0	0	0	0	0	0	0	0	0	0	0	0	0	0	0	0	0	0		
127	慕容姿态技能集合	1	1	1515	0	0	0	0	0	0	0	0	0	0	0	0	0	0	0	0	0	0	0	0	0	0	0	0	0	0	0	0	0		
128	心剑交融BUFF借力	1	1	1529	0	0	0	0	0	0	0	0	0	0	0	0	0	0	0	0	0	0	0	0	0	0	0	0	0	0	0	0	0		
129	蓄云欲雨BUFF集合	1	6	1531	1532	1533	1534	1535	1536	0	0	0	0	0	0	0	0	0	0	0	0	0	0	0	0	0	0	0	0	0	0	0	0		
130	蓄气（围困）	1	1	1531	0	0	0	0	0	0	0	0	0	0	0	0	0	0	0	0	0	0	0	0	0	0	0	0	0	0	0	0	0		
131	蓄气（封穴）	1	1	1532	0	0	0	0	0	0	0	0	0	0	0	0	0	0	0	0	0	0	0	0	0	0	0	0	0	0	0	0	0		
132	蓄气（昏睡）	1	1	1533	0	0	0	0	0	0	0	0	0	0	0	0	0	0	0	0	0	0	0	0	0	0	0	0	0	0	0	0	0		
133	蓄气（失明）	1	1	1534	0	0	0	0	0	0	0	0	0	0	0	0	0	0	0	0	0	0	0	0	0	0	0	0	0	0	0	0	0		
134	蓄气（定身）	1	1	1535	0	0	0	0	0	0	0	0	0	0	0	0	0	0	0	0	0	0	0	0	0	0	0	0	0	0	0	0	0		
135	蓄气（散功）	1	1	1536	0	0	0	0	0	0	0	0	0	0	0	0	0	0	0	0	0	0	0	0	0	0	0	0	0	0	0	0	0		
136	慕容攻击技能（补集合67和68）	3	7	760	763	771	775	778	777	780	0	0	0	0	0	0	0	0	0	0	0	0	0	0	0	0	0	0	0	0	0	0	0		
137	第八本心法的控制	1	10	1212	1213	1214	1215	1216	1217	1218	1219	1220	1221	0	0	0	0	0	0	0	0	0	0	0	0	0	0	0	0	0	0	0	0		
138	非敌对目标传送技能（钱庄不能用的位移技能）	3	11	269	270	271	272	273	379	503	515	524	764	787	0	0	0	0	0	0	0	0	0	0	0	0	0	0	0	0	0	0	0		
139	非伤害类负面效果1（综合88、89、137）（涉及到的集合138和334）	1	30	11	13	14	15	17	18	19	20	21	22	23	32	136	233	269	382	1212	1213	1214	1215	1216	1217	1218	1219	1220	1221	49	3656	2623	3133		
140	放大伤害的互斥ID	1	1	36	0	0	0	0	0	0	0	0	0	0	0	0	0	0	0	0	0	0	0	0	0	0	0	0	0	0	0	0	0		
141	剧情本慕容博萧远山免疫减血上限	1	1	32	0	0	0	0	0	0	0	0	0	0	0	0	0	0	0	0	0	0	0	0	0	0	0	0	0	0	0	0	0		
142	非伤害类负面效果2（综合88、89、137）（涉及到的集合138和334）	1	1	55	0	0	0	0	0	0	0	0	0	0	0	0	0	0	0	0	0	0	0	0	0	0	0	0	0	0	0	0	0		
148	所有骑乘buff	1	2	99	174	0	0	0	0	0	0	0	0	0	0	0	0	0	0	0	0	0	0	0	0	0	0	0	0	0	0	0	0		
265	情定三生（男）	3	8	3185	3188	3189	3191	3192	3194	3196	3197	0	0	0	0	0	0	0	0	0	0	0	0	0	0	0	0	0	0	0	0	0	0		
266	情定三生（女）	3	6	3186	3187	3190	3193	3195	3198	0	0	0	0	0	0	0	0	0	0	0	0	0	0	0	0	0	0	0	0	0	0	0	0		
267	情定三生（男）	3	8	3199	3200	3203	3205	3207	3209	3210	3212	0	0	0	0	0	0	0	0	0	0	0	0	0	0	0	0	0	0	0	0	0	0		
268	情定三生（女）	3	6	3201	3202	3204	3206	3208	3211	0	0	0	0	0	0	0	0	0	0	0	0	0	0	0	0	0	0	0	0	0	0	0	0		
269	情定三生（男）	3	8	3213	3215	3216	3217	3220	3221	3223	3225	0	0	0	0	0	0	0	0	0	0	0	0	0	0	0	0	0	0	0	0	0	0		
270	情定三生（女）	3	6	3214	3218	3219	3222	3224	3226	0	0	0	0	0	0	0	0	0	0	0	0	0	0	0	0	0	0	0	0	0	0	0	0		
271	猜灯谜	1	1	99	0	0	0	0	0	0	0	0	0	0	0	0	0	0	0	0	0	0	0	0	0	0	0	0	0	0	0	0	0		
272	秦马车	3	1	3256	0	0	0	0	0	0	0	0	0	0	0	0	0	0	0	0	0	0	0	0	0	0	0	0	0	0	0	0	0		
273	少林流派攻击技能	3	7	281	282	283	289	291	295	298	0	0	0	0	0	0	0	0	0	0	0	0	0	0	0	0	0	0	0	0	0	0	0		
274	丐帮流派1消耗连击段单体	3	2	347	364	0	0	0	0	0	0	0	0	0	0	0	0	0	0	0	0	0	0	0	0	0	0	0	0	0	0	0	0		
275	丐帮流派2AOE技能	3	3	342	361	365	0	0	0	0	0	0	0	0	0	0	0	0	0	0	0	0	0	0	0	0	0	0	0	0	0	0	0		
276	隐杀单体伤害技能集合	3	6	491	493	501	505	507	508	0	0	0	0	0	0	0	0	0	0	0	0	0	0	0	0	0	0	0	0	0	0	0	0		
277	武当流派2单体伤害技能集合	3	7	371	373	377	381	385	388	391	0	0	0	0	0	0	0	0	0	0	0	0	0	0	0	0	0	0	0	0	0	0	0		
278	武当流派2群体伤害技能集合	3	2	372	395	0	0	0	0	0	0	0	0	0	0	0	0	0	0	0	0	0	0	0	0	0	0	0	0	0	0	0	0		
279	所有门派控制合集	1	10	19	21	1153	14	17	13	15	136	11	132	0	0	0	0	0	0	0	0	0	0	0	0	0	0	0	0	0	0	0	0		
280	所有暗器控制合集[（去门派重）废弃]	5	4	11	14	638	681	0	0	0	0	0	0	0	0	0	0	0	0	0	0	0	0	0	0	0	0	0	0	0	0	0	0		
281	所有门派减速合集	1	1	23	0	0	0	0	0	0	0	0	0	0	0	0	0	0	0	0	0	0	0	0	0	0	0	0	0	0	0	0	0		
282	小星星	3	2	3350	3454	0	0	0	0	0	0	0	0	0	0	0	0	0	0	0	0	0	0	0	0	0	0	0	0	0	0	0	0		
283	洛阳舞狮	3	4	3455	3456	3457	3461	0	0	0	0	0	0	0	0	0	0	0	0	0	0	0	0	0	0	0	0	0	0	0	0	0	0		
284	神兽4技能合集	3	30	672	673	674	675	676	677	678	679	680	681	682	683	684	685	686	687	688	689	690	691	694	695	696	697	698	699	736	737	738	739		
285	神兽4技能合集	3	8	740	741	742	743	744	745	746	747	0	0	0	0	0	0	0	0	0	0	0	0	0	0	0	0	0	0	0	0	0	0		
286	回城技能	3	3	22	63	75	0	0	0	0	0	0	0	0	0	0	0	0	0	0	0	0	0	0	0	0	0	0	0	0	0	0	0		
287	 	3	4	3551	3552	3553	3554	0	0	0	0	0	0	0	0	0	0	0	0	0	0	0	0	0	0	0	0	0	0	0	0	0	0		
288	圣兽变身动作	3	4	3555	3556	3557	3558	0	0	0	0	0	0	0	0	0	0	0	0	0	0	0	0	0	0	0	0	0	0	0	0	0	0		
289	异兽变身动作	3	4	3559	3560	3561	3562	0	0	0	0	0	0	0	0	0	0	0	0	0	0	0	0	0	0	0	0	0	0	0	0	0	0		
290	通用免疫所有减速	1	2	23	4814	0	0	0	0	0	0	0	0	0	0	0	0	0	0	0	0	0	0	0	0	0	0	0	0	0	0	0	0		
291	通用免疫所有封穴除烽火	1	1	13	0	0	0	0	0	0	0	0	0	0	0	0	0	0	0	0	0	0	0	0	0	0	0	0	0	0	0	0	0		
292	通用免疫所有麻痹	1	2	14	639	0	0	0	0	0	0	0	0	0	0	0	0	0	0	0	0	0	0	0	0	0	0	0	0	0	0	0	0		
293	通用免疫所有散功	1	1	21	0	0	0	0	0	0	0	0	0	0	0	0	0	0	0	0	0	0	0	0	0	0	0	0	0	0	0	0	0		
294	通用免疫所有封印	1	1	136	0	0	0	0	0	0	0	0	0	0	0	0	0	0	0	0	0	0	0	0	0	0	0	0	0	0	0	0	0		
295	通用免疫所有失明	1	1	17	0	0	0	0	0	0	0	0	0	0	0	0	0	0	0	0	0	0	0	0	0	0	0	0	0	0	0	0	0		
296	通用免疫所有减速+僵硬	1	7	23	107	132	152	181	4814	5014	0	0	0	0	0	0	0	0	0	0	0	0	0	0	0	0	0	0	0	0	0	0	0		
308	转门派驱散BUFF互斥ID集合	1	30	105	115	116	117	126	129	134	137	138	145	147	151	158	159	161	168	171	172	99	185	183	192	190	292	193	1515	1512	1510	1326	1327		
309	兽魂预热2	3	2	3588	3589	0	0	0	0	0	0	0	0	0	0	0	0	0	0	0	0	0	0	0	0	0	0	0	0	0	0	0	0		
310	五一烟花	3	1	3592	0	0	0	0	0	0	0	0	0	0	0	0	0	0	0	0	0	0	0	0	0	0	0	0	0	0	0	0	0		
311	夏日变身动作	3	3	3606	3608	3607	0	0	0	0	0	0	0	0	0	0	0	0	0	0	0	0	0	0	0	0	0	0	0	0	0	0	0		
312	曼陀山庄山茶技能合集	3	6	765	767	768	773	784	786	0	0	0	0	0	0	0	0	0	0	0	0	0	0	0	0	0	0	0	0	0	0	0	0		
313	曼陀山庄琴音技能合集	3	7	760	761	763	769	785	771	775	0	0	0	0	0	0	0	0	0	0	0	0	0	0	0	0	0	0	0	0	0	0	0		
314	曼陀山庄一曲春晓+抱香枝头互斥	0	2	1327	1326	0	0	0	0	0	0	0	0	0	0	0	0	0	0	0	0	0	0	0	0	0	0	0	0	0	0	0	0		
315	曼陀山庄预热	3	1	3679	0	0	0	0	0	0	0	0	0	0	0	0	0	0	0	0	0	0	0	0	0	0	0	0	0	0	0	0	0		
316	一曲春晓	0	1	1327	0	0	0	0	0	0	0	0	0	0	0	0	0	0	0	0	0	0	0	0	0	0	0	0	0	0	0	0	0		
317	抱香枝头	0	1	1326	0	0	0	0	0	0	0	0	0	0	0	0	0	0	0	0	0	0	0	0	0	0	0	0	0	0	0	0	0		
318	元旦应景	3	1	3702	0	0	0	0	0	0	0	0	0	0	0	0	0	0	0	0	0	0	0	0	0	0	0	0	0	0	0	0	0		
319	小二组兔子	3	4	3709	3710	3711	3712	0	0	0	0	0	0	0	0	0	0	0	0	0	0	0	0	0	0	0	0	0	0	0	0	0	0		
320	后厨组兔子	3	4	3713	3714	3715	3716	0	0	0	0	0	0	0	0	0	0	0	0	0	0	0	0	0	0	0	0	0	0	0	0	0	0		
321	穷奇兽魂主动散功、被动麻痹	1	2	5154	5160	0	0	0	0	0	0	0	0	0	0	0	0	0	0	0	0	0	0	0	0	0	0	0	0	0	0	0	0		
322	修理工	3	2	3719	3720	0	0	0	0	0	0	0	0	0	0	0	0	0	0	0	0	0	0	0	0	0	0	0	0	0	0	0	0		
323	势力1路人甲	3	2	3721	3722	0	0	0	0	0	0	0	0	0	0	0	0	0	0	0	0	0	0	0	0	0	0	0	0	0	0	0	0		
324	修理工	3	2	3723	3724	0	0	0	0	0	0	0	0	0	0	0	0	0	0	0	0	0	0	0	0	0	0	0	0	0	0	0	0		
325	势力1路人甲	3	2	3725	3726	0	0	0	0	0	0	0	0	0	0	0	0	0	0	0	0	0	0	0	0	0	0	0	0	0	0	0	0		
326	修理工	3	2	3727	3728	0	0	0	0	0	0	0	0	0	0	0	0	0	0	0	0	0	0	0	0	0	0	0	0	0	0	0	0		
327	势力1路人甲	3	2	3729	3730	0	0	0	0	0	0	0	0	0	0	0	0	0	0	0	0	0	0	0	0	0	0	0	0	0	0	0	0		
328	变身诗人	3	1	3731	0	0	0	0	0	0	0	0	0	0	0	0	0	0	0	0	0	0	0	0	0	0	0	0	0	0	0	0	0		
329	势力1路人甲	3	2	3745	3746	0	0	0	0	0	0	0	0	0	0	0	0	0	0	0	0	0	0	0	0	0	0	0	0	0	0	0	0		
330	势力1路人甲	3	2	3747	3748	0	0	0	0	0	0	0	0	0	0	0	0	0	0	0	0	0	0	0	0	0	0	0	0	0	0	0	0		
331	势力1路人甲	3	2	3749	3750	0	0	0	0	0	0	0	0	0	0	0	0	0	0	0	0	0	0	0	0	0	0	0	0	0	0	0	0		
332	所有控制合集+穷奇+烽火眩晕	1	7	14	17	21	13	136	127	5160	0	0	0	0	0	0	0	0	0	0	0	0	0	0	0	0	0	0	0	0	0	0	0		
333	版本预热	3	3	3788	3789	3790	0	0	0	0	0	0	0	0	0	0	0	0	0	0	0	0	0	0	0	0	0	0	0	0	0	0	0		
334	算术情侣	3	1	3791	0	0	0	0	0	0	0	0	0	0	0	0	0	0	0	0	0	0	0	0	0	0	0	0	0	0	0	0	0		
335	算术结拜	3	1	3792	0	0	0	0	0	0	0	0	0	0	0	0	0	0	0	0	0	0	0	0	0	0	0	0	0	0	0	0	0		
336	算术无	3	1	3793	0	0	0	0	0	0	0	0	0	0	0	0	0	0	0	0	0	0	0	0	0	0	0	0	0	0	0	0	0		
337	寻找情侣	3	2	3800	3797	0	0	0	0	0	0	0	0	0	0	0	0	0	0	0	0	0	0	0	0	0	0	0	0	0	0	0	0		
338	寻找结拜	3	2	3800	3798	0	0	0	0	0	0	0	0	0	0	0	0	0	0	0	0	0	0	0	0	0	0	0	0	0	0	0	0		
339	寻找无	3	2	3800	3799	0	0	0	0	0	0	0	0	0	0	0	0	0	0	0	0	0	0	0	0	0	0	0	0	0	0	0	0		
340	躲避情侣	3	2	3801	3807	0	0	0	0	0	0	0	0	0	0	0	0	0	0	0	0	0	0	0	0	0	0	0	0	0	0	0	0		
341	躲避结拜	3	2	3802	3808	0	0	0	0	0	0	0	0	0	0	0	0	0	0	0	0	0	0	0	0	0	0	0	0	0	0	0	0		
342	躲避无	3	2	3803	3809	0	0	0	0	0	0	0	0	0	0	0	0	0	0	0	0	0	0	0	0	0	0	0	0	0	0	0	0		
343	狼人	3	1	3810	0	0	0	0	0	0	0	0	0	0	0	0	0	0	0	0	0	0	0	0	0	0	0	0	0	0	0	0	0		
344	兔子	3	3	3811	3812	3824	0	0	0	0	0	0	0	0	0	0	0	0	0	0	0	0	0	0	0	0	0	0	0	0	0	0	0		
345	点灵犀	3	5	3814	3815	3816	3817	3818	0	0	0	0	0	0	0	0	0	0	0	0	0	0	0	0	0	0	0	0	0	0	0	0	0		
346	宾客变身	3	2	3821	3820	0	0	0	0	0	0	0	0	0	0	0	0	0	0	0	0	0	0	0	0	0	0	0	0	0	0	0	0		
347	免疫隐身	0	5	99	176	177	180	214	0	0	0	0	0	0	0	0	0	0	0	0	0	0	0	0	0	0	0	0	0	0	0	0	0		
348	丐帮群技能	3	3	342	361	365	0	0	0	0	0	0	0	0	0	0	0	0	0	0	0	0	0	0	0	0	0	0	0	0	0	0	0		
349	峨嵋清心 	3	1	424	0	0	0	0	0	0	0	0	0	0	0	0	0	0	0	0	0	0	0	0	0	0	0	0	0	0	0	0	0		
350	逍遥陷阱灼烧	0	1	4	0	0	0	0	0	0	0	0	0	0	0	0	0	0	0	0	0	0	0	0	0	0	0	0	0	0	0	0	0		
351	乔峰变身	3	3	3933	3934	3936	0	0	0	0	0	0	0	0	0	0	0	0	0	0	0	0	0	0	0	0	0	0	0	0	0	0	0		
352	腐骨之毒buff集合	0	5	5599	5600	5601	5602	5603	0	0	0	0	0	0	0	0	0	0	0	0	0	0	0	0	0	0	0	0	0	0	0	0	0		
353	技能逻辑是5的	4	1	5	0	0	0	0	0	0	0	0	0	0	0	0	0	0	0	0	0	0	0	0	0	0	0	0	0	0	0	0	0		
354	神兵能用的技能id	3	29	2	23	24	25	26	27	28	29	30	31	34	37	51	52	53	56	63	73	74	75	78	80	81	86	87	89	96	110	197	0		
355	韦陀杵副武器	8	7	167	168	169	170	171	172	173	0	0	0	0	0	0	0	0	0	0	0	0	0	0	0	0	0	0	0	0	0	0	0		
356	(接139集合)非伤害类负面效果	1	1	1153	0	0	0	0	0	0	0	0	0	0	0	0	0	0	0	0	0	0	0	0	0	0	0	0	0	0	0	0	0		
357	御马令	10	7	43	48	51	83	84	35	70	0	0	0	0	0	0	0	0	0	0	0	0	0	0	0	0	0	0	0	0	0	0	0		
358	化龙	3	2	4620	4622	0	0	0	0	0	0	0	0	0	0	0	0	0	0	0	0	0	0	0	0	0	0	0	0	0	0	0	0		
359	精灵持有者	3	2	4624	4625	0	0	0	0	0	0	0	0	0	0	0	0	0	0	0	0	0	0	0	0	0	0	0	0	0	0	0	0		
360	圣诞小人儿	3	4	4626	4627	4628	4629	0	0	0	0	0	0	0	0	0	0	0	0	0	0	0	0	0	0	0	0	0	0	0	0	0	0		
361	韶景流年	3	1	4825	0	0	0	0	0	0	0	0	0	0	0	0	0	0	0	0	0	0	0	0	0	0	0	0	0	0	0	0	0		
362	坐骑收藏	10	8	138	125	116	108	97	92	86	47	0	0	0	0	0	0	0	0	0	0	0	0	0	0	0	0	0	0	0	0	0	0		
363	端午厨师	3	1	4842	0	0	0	0	0	0	0	0	0	0	0	0	0	0	0	0	0	0	0	0	0	0	0	0	0	0	0	0	0		
364	药师20s效果集合	0	21	5955	5956	5947	5948	5949	5950	5951	5952	5953	5992	5993	5994	5995	6000	6001	6002	6003	5996	5997	5998	5999	0	0	0	0	0	0	0	0	0		
365	烹饪60min效果集合	0	28	5977	5978	5939	5926	5927	5981	5982	5983	5984	5985	5989	5990	5988	5928	5929	5930	5931	5937	5940	5941	5942	5943	5936	5932	5933	5934	5935	5991	0	0		
366	门派普通攻击和连续技	3	14	281	311	341	371	401	431	461	491	521	760	3266	3267	3268	3269	0	0	0	0	0	0	0	0	0	0	0	0	0	0	0	0		
367	进阶抹毒技能合集	3	3	349	446	432	0	0	0	0	0	0	0	0	0	0	0	0	0	0	0	0	0	0	0	0	0	0	0	0	0	0	0		
368	进阶淬火技能合集	3	6	325	522	527	529	544	545	0	0	0	0	0	0	0	0	0	0	0	0	0	0	0	0	0	0	0	0	0	0	0	0		
369	大话打卡唐僧技能	3	3	4862	4863	4864	0	0	0	0	0	0	0	0	0	0	0	0	0	0	0	0	0	0	0	0	0	0	0	0	0	0	0		
370	大话打卡变身牛技能	3	1	4865	0	0	0	0	0	0	0	0	0	0	0	0	0	0	0	0	0	0	0	0	0	0	0	0	0	0	0	0	0		
371	大话预热	3	1	4911	0	0	0	0	0	0	0	0	0	0	0	0	0	0	0	0	0	0	0	0	0	0	0	0	0	0	0	0	0		
372	红阵营变身	3	2	4898	4899	0	0	0	0	0	0	0	0	0	0	0	0	0	0	0	0	0	0	0	0	0	0	0	0	0	0	0	0		
373	蓝阵营变身	3	2	4900	4901	0	0	0	0	0	0	0	0	0	0	0	0	0	0	0	0	0	0	0	0	0	0	0	0	0	0	0	0		
374	绿阵营变身	3	2	4902	4903	0	0	0	0	0	0	0	0	0	0	0	0	0	0	0	0	0	0	0	0	0	0	0	0	0	0	0	0		
385	预热技能	3	3	4617	4618	4619	0	0	0	0	0	0	0	0	0	0	0	0	0	0	0	0	0	0	0	0	0	0	0	0	0	0	0		
390	龙蛋花车烟花龙技能	3	2	4961	4991	0	0	0	0	0	0	0	0	0	0	0	0	0	0	0	0	0	0	0	0	0	0	0	0	0	0	0	0		
394	预热恶人谷技能	3	3	4616	4614	4615	0	0	0	0	0	0	0	0	0	0	0	0	0	0	0	0	0	0	0	0	0	0	0	0	0	0	0		
