INT	INT	STRING	INT	INT	INT
Index	配方ID	备注	附加材料	门派ID	产出物
1	1238	制作60级8星门派阿旭手套少林	-1	0	10112113
2	1239	制作70级8星门派阿旭手套少林	-1	0	10112114
3	1240	制作80级8星门派阿旭手套少林	-1	0	10112115
4	1241	制作90级8星门派阿旭手套少林	-1	0	10112116
5	1238	制作60级8星门派阿旭手套明教	-1	1	10112117
6	1239	制作70级8星门派阿旭手套明教	-1	1	10112118
7	1240	制作80级8星门派阿旭手套明教	-1	1	10112119
8	1241	制作90级8星门派阿旭手套明教	-1	1	10112120
9	1238	制作60级8星门派阿旭手套丐帮	-1	2	10112121
10	1239	制作70级8星门派阿旭手套丐帮	-1	2	10112122
11	1240	制作80级8星门派阿旭手套丐帮	-1	2	10112123
12	1241	制作90级8星门派阿旭手套丐帮	-1	2	10112124
13	1238	制作60级8星门派阿旭手套武当	-1	3	10112125
14	1239	制作70级8星门派阿旭手套武当	-1	3	10112126
15	1240	制作80级8星门派阿旭手套武当	-1	3	10112127
16	1241	制作90级8星门派阿旭手套武当	-1	3	10112128
17	1238	制作60级8星门派阿旭手套峨嵋	-1	4	10112129
18	1239	制作70级8星门派阿旭手套峨嵋	-1	4	10112130
19	1240	制作80级8星门派阿旭手套峨嵋	-1	4	10112131
20	1241	制作90级8星门派阿旭手套峨嵋	-1	4	10112132
21	1238	制作60级8星门派阿旭手套星宿	-1	5	10112133
22	1239	制作70级8星门派阿旭手套星宿	-1	5	10112134
23	1240	制作80级8星门派阿旭手套星宿	-1	5	10112135
24	1241	制作90级8星门派阿旭手套星宿	-1	5	10112136
25	1238	制作60级8星门派阿旭手套大理	-1	6	10112137
26	1239	制作70级8星门派阿旭手套大理	-1	6	10112138
27	1240	制作80级8星门派阿旭手套大理	-1	6	10112139
28	1241	制作90级8星门派阿旭手套大理	-1	6	10112140
29	1238	制作60级8星门派阿旭手套天山	-1	7	10112141
30	1239	制作70级8星门派阿旭手套天山	-1	7	10112142
31	1240	制作80级8星门派阿旭手套天山	-1	7	10112143
32	1241	制作90级8星门派阿旭手套天山	-1	7	10112144
33	1238	制作60级8星门派阿旭手套逍遥	-1	8	10112145
34	1239	制作70级8星门派阿旭手套逍遥	-1	8	10112146
35	1240	制作80级8星门派阿旭手套逍遥	-1	8	10112147
36	1241	制作90级8星门派阿旭手套逍遥	-1	8	10112148
37	1238	制作60级8星门派阿旭手套曼陀	-1	10	10112149
38	1239	制作70级8星门派阿旭手套曼陀	-1	10	10112150
39	1240	制作80级8星门派阿旭手套曼陀	-1	10	10112151
40	1241	制作90级8星门派阿旭手套曼陀	-1	10	10112152
41	1254	制作60级8星门派阿旭护腕少林	-1	0	10114027
42	1255	制作70级8星门派阿旭护腕少林	-1	0	10114028
43	1256	制作80级8星门派阿旭护腕少林	-1	0	10114029
44	1257	制作90级8星门派阿旭护腕少林	-1	0	10114030
45	1254	制作60级8星门派阿旭护腕明教	-1	1	10114031
46	1255	制作70级8星门派阿旭护腕明教	-1	1	10114032
47	1256	制作80级8星门派阿旭护腕明教	-1	1	10114033
48	1257	制作90级8星门派阿旭护腕明教	-1	1	10114034
49	1254	制作60级8星门派阿旭护腕丐帮	-1	2	10114035
50	1255	制作70级8星门派阿旭护腕丐帮	-1	2	10114036
51	1256	制作80级8星门派阿旭护腕丐帮	-1	2	10114037
52	1257	制作90级8星门派阿旭护腕丐帮	-1	2	10114038
53	1254	制作60级8星门派阿旭护腕武当	-1	3	10114039
54	1255	制作70级8星门派阿旭护腕武当	-1	3	10114040
55	1256	制作80级8星门派阿旭护腕武当	-1	3	10114041
56	1257	制作90级8星门派阿旭护腕武当	-1	3	10114042
57	1254	制作60级8星门派阿旭护腕峨嵋	-1	4	10114043
58	1255	制作70级8星门派阿旭护腕峨嵋	-1	4	10114044
59	1256	制作80级8星门派阿旭护腕峨嵋	-1	4	10114045
60	1257	制作90级8星门派阿旭护腕峨嵋	-1	4	10114046
61	1254	制作60级8星门派阿旭护腕星宿	-1	5	10114047
62	1255	制作70级8星门派阿旭护腕星宿	-1	5	10114048
63	1256	制作80级8星门派阿旭护腕星宿	-1	5	10114049
64	1257	制作90级8星门派阿旭护腕星宿	-1	5	10114050
65	1254	制作60级8星门派阿旭护腕大理	-1	6	10114051
66	1255	制作70级8星门派阿旭护腕大理	-1	6	10114052
67	1256	制作80级8星门派阿旭护腕大理	-1	6	10114053
68	1257	制作90级8星门派阿旭护腕大理	-1	6	10114054
69	1254	制作60级8星门派阿旭护腕天山	-1	7	10114055
70	1255	制作70级8星门派阿旭护腕天山	-1	7	10114056
71	1256	制作80级8星门派阿旭护腕天山	-1	7	10114057
72	1257	制作90级8星门派阿旭护腕天山	-1	7	10114058
73	1254	制作60级8星门派阿旭护腕逍遥	-1	8	10114059
74	1255	制作70级8星门派阿旭护腕逍遥	-1	8	10114060
75	1256	制作80级8星门派阿旭护腕逍遥	-1	8	10114061
76	1257	制作90级8星门派阿旭护腕逍遥	-1	8	10114062
77	1254	制作60级8星门派阿旭护腕曼陀	-1	10	10114063
78	1255	制作70级8星门派阿旭护腕曼陀	-1	10	10114064
79	1256	制作80级8星门派阿旭护腕曼陀	-1	10	10114065
80	1257	制作90级8星门派阿旭护腕曼陀	-1	10	10114066
81	1270	制作60级8星门派阿旭护肩少林	-1	0	10115027
82	1271	制作70级8星门派阿旭护肩少林	-1	0	10115028
83	1272	制作80级8星门派阿旭护肩少林	-1	0	10115029
84	1273	制作90级8星门派阿旭护肩少林	-1	0	10115030
85	1270	制作60级8星门派阿旭护肩明教	-1	1	10115031
86	1271	制作70级8星门派阿旭护肩明教	-1	1	10115032
87	1272	制作80级8星门派阿旭护肩明教	-1	1	10115033
88	1273	制作90级8星门派阿旭护肩明教	-1	1	10115034
89	1270	制作60级8星门派阿旭护肩丐帮	-1	2	10115035
90	1271	制作70级8星门派阿旭护肩丐帮	-1	2	10115036
91	1272	制作80级8星门派阿旭护肩丐帮	-1	2	10115037
92	1273	制作90级8星门派阿旭护肩丐帮	-1	2	10115038
93	1270	制作60级8星门派阿旭护肩武当	-1	3	10115039
94	1271	制作70级8星门派阿旭护肩武当	-1	3	10115040
95	1272	制作80级8星门派阿旭护肩武当	-1	3	10115041
96	1273	制作90级8星门派阿旭护肩武当	-1	3	10115042
97	1270	制作60级8星门派阿旭护肩峨嵋	-1	4	10115043
98	1271	制作70级8星门派阿旭护肩峨嵋	-1	4	10115044
99	1272	制作80级8星门派阿旭护肩峨嵋	-1	4	10115045
100	1273	制作90级8星门派阿旭护肩峨嵋	-1	4	10115046
101	1270	制作60级8星门派阿旭护肩星宿	-1	5	10115047
102	1271	制作70级8星门派阿旭护肩星宿	-1	5	10115048
103	1272	制作80级8星门派阿旭护肩星宿	-1	5	10115049
104	1273	制作90级8星门派阿旭护肩星宿	-1	5	10115050
105	1270	制作60级8星门派阿旭护肩大理	-1	6	10115051
106	1271	制作70级8星门派阿旭护肩大理	-1	6	10115052
107	1272	制作80级8星门派阿旭护肩大理	-1	6	10115053
108	1273	制作90级8星门派阿旭护肩大理	-1	6	10115054
109	1270	制作60级8星门派阿旭护肩天山	-1	7	10115055
110	1271	制作70级8星门派阿旭护肩天山	-1	7	10115056
111	1272	制作80级8星门派阿旭护肩天山	-1	7	10115057
112	1273	制作90级8星门派阿旭护肩天山	-1	7	10115058
113	1270	制作60级8星门派阿旭护肩逍遥	-1	8	10115059
114	1271	制作70级8星门派阿旭护肩逍遥	-1	8	10115060
115	1272	制作80级8星门派阿旭护肩逍遥	-1	8	10115061
116	1273	制作90级8星门派阿旭护肩逍遥	-1	8	10115062
117	1270	制作60级8星门派阿旭护肩曼陀	-1	10	10115063
118	1271	制作70级8星门派阿旭护肩曼陀	-1	10	10115064
119	1272	制作80级8星门派阿旭护肩曼陀	-1	10	10115065
120	1273	制作90级8星门派阿旭护肩曼陀	-1	10	10115066
121	1286	制作60级8星门派阿旭腰带少林	-1	0	10121029
122	1287	制作70级8星门派阿旭腰带少林	-1	0	10121030
123	1288	制作80级8星门派阿旭腰带少林	-1	0	10121031
124	1289	制作90级8星门派阿旭腰带少林	-1	0	10121032
125	1286	制作60级8星门派阿旭腰带明教	-1	1	10121033
126	1287	制作70级8星门派阿旭腰带明教	-1	1	10121034
127	1288	制作80级8星门派阿旭腰带明教	-1	1	10121035
128	1289	制作90级8星门派阿旭腰带明教	-1	1	10121036
129	1286	制作60级8星门派阿旭腰带丐帮	-1	2	10121037
130	1287	制作70级8星门派阿旭腰带丐帮	-1	2	10121038
131	1288	制作80级8星门派阿旭腰带丐帮	-1	2	10121039
132	1289	制作90级8星门派阿旭腰带丐帮	-1	2	10121040
133	1286	制作60级8星门派阿旭腰带武当	-1	3	10121041
134	1287	制作70级8星门派阿旭腰带武当	-1	3	10121042
135	1288	制作80级8星门派阿旭腰带武当	-1	3	10121043
136	1289	制作90级8星门派阿旭腰带武当	-1	3	10121044
137	1286	制作60级8星门派阿旭腰带峨嵋	-1	4	10121045
138	1287	制作70级8星门派阿旭腰带峨嵋	-1	4	10121046
139	1288	制作80级8星门派阿旭腰带峨嵋	-1	4	10121047
140	1289	制作90级8星门派阿旭腰带峨嵋	-1	4	10121048
141	1286	制作60级8星门派阿旭腰带星宿	-1	5	10121049
142	1287	制作70级8星门派阿旭腰带星宿	-1	5	10121050
143	1288	制作80级8星门派阿旭腰带星宿	-1	5	10121051
144	1289	制作90级8星门派阿旭腰带星宿	-1	5	10121052
145	1286	制作60级8星门派阿旭腰带大理	-1	6	10121053
146	1287	制作70级8星门派阿旭腰带大理	-1	6	10121054
147	1288	制作80级8星门派阿旭腰带大理	-1	6	10121055
148	1289	制作90级8星门派阿旭腰带大理	-1	6	10121056
149	1286	制作60级8星门派阿旭腰带天山	-1	7	10121057
150	1287	制作70级8星门派阿旭腰带天山	-1	7	10121058
151	1288	制作80级8星门派阿旭腰带天山	-1	7	10121059
152	1289	制作90级8星门派阿旭腰带天山	-1	7	10121060
153	1286	制作60级8星门派阿旭腰带逍遥	-1	8	10121061
154	1287	制作70级8星门派阿旭腰带逍遥	-1	8	10121062
155	1288	制作80级8星门派阿旭腰带逍遥	-1	8	10121063
156	1289	制作90级8星门派阿旭腰带逍遥	-1	8	10121064
157	1286	制作60级8星门派阿旭腰带曼陀	-1	10	10121065
158	1287	制作70级8星门派阿旭腰带曼陀	-1	10	10121066
159	1288	制作80级8星门派阿旭腰带曼陀	-1	10	10121067
160	1289	制作90级8星门派阿旭腰带曼陀	-1	10	10121068
161	1290	制作60级5星阿旭戒指冰	21000028	-1	10122016
162	1291	制作70级5星阿旭戒指冰	21000028	-1	10122017
163	1292	制作80级5星阿旭戒指冰	21000028	-1	10122018
164	1293	制作90级5星阿旭戒指冰	21000028	-1	10122019
165	1290	制作60级5星阿旭戒指火	21000029	-1	10122020
166	1291	制作70级5星阿旭戒指火	21000029	-1	10122021
167	1292	制作80级5星阿旭戒指火	21000029	-1	10122022
168	1293	制作90级5星阿旭戒指火	21000029	-1	10122023
169	1290	制作60级5星阿旭戒指玄	21000030	-1	10122024
170	1291	制作70级5星阿旭戒指玄	21000030	-1	10122025
171	1292	制作80级5星阿旭戒指玄	21000030	-1	10122026
172	1293	制作90级5星阿旭戒指玄	21000030	-1	10122027
173	1290	制作60级5星阿旭戒指毒	21000031	-1	10122028
174	1291	制作70级5星阿旭戒指毒	21000031	-1	10122029
175	1292	制作80级5星阿旭戒指毒	21000031	-1	10122030
176	1293	制作90级5星阿旭戒指毒	21000031	-1	10122031
177	1294	制作60级6星阿旭戒指冰	21000032	-1	10122032
178	1295	制作70级6星阿旭戒指冰	21000032	-1	10122033
179	1296	制作80级6星阿旭戒指冰	21000032	-1	10122034
180	1297	制作90级6星阿旭戒指冰	21000032	-1	10122035
181	1294	制作60级6星阿旭戒指火	21000033	-1	10122036
182	1295	制作70级6星阿旭戒指火	21000033	-1	10122037
183	1296	制作80级6星阿旭戒指火	21000033	-1	10122038
184	1297	制作90级6星阿旭戒指火	21000033	-1	10122039
185	1294	制作60级6星阿旭戒指玄	21000034	-1	10122040
186	1295	制作70级6星阿旭戒指玄	21000034	-1	10122041
187	1296	制作80级6星阿旭戒指玄	21000034	-1	10122042
188	1297	制作90级6星阿旭戒指玄	21000034	-1	10122043
189	1294	制作60级6星阿旭戒指毒	21000035	-1	10122044
190	1295	制作70级6星阿旭戒指毒	21000035	-1	10122045
191	1296	制作80级6星阿旭戒指毒	21000035	-1	10122046
192	1297	制作90级6星阿旭戒指毒	21000035	-1	10122047
193	1298	制作60级7星阿旭戒指冰	21000036	-1	10122048
194	1299	制作70级7星阿旭戒指冰	21000036	-1	10122049
195	1300	制作80级7星阿旭戒指冰	21000036	-1	10122050
196	1301	制作90级7星阿旭戒指冰	21000036	-1	10122051
197	1298	制作60级7星阿旭戒指火	21000037	-1	10122052
198	1299	制作70级7星阿旭戒指火	21000037	-1	10122053
199	1300	制作80级7星阿旭戒指火	21000037	-1	10122054
200	1301	制作90级7星阿旭戒指火	21000037	-1	10122055
201	1298	制作60级7星阿旭戒指玄	21000038	-1	10122056
202	1299	制作70级7星阿旭戒指玄	21000038	-1	10122057
203	1300	制作80级7星阿旭戒指玄	21000038	-1	10122058
204	1301	制作90级7星阿旭戒指玄	21000038	-1	10122059
205	1298	制作60级7星阿旭戒指毒	21000039	-1	10122060
206	1299	制作70级7星阿旭戒指毒	21000039	-1	10122061
207	1300	制作80级7星阿旭戒指毒	21000039	-1	10122062
208	1301	制作90级7星阿旭戒指毒	21000039	-1	10122063
209	1302	制作60级8星门派阿旭戒指冰少林	21000040	0	10122064
210	1303	制作70级8星门派阿旭戒指冰少林	21000040	0	10122065
211	1304	制作80级8星门派阿旭戒指冰少林	21000040	0	10122066
212	1305	制作90级8星门派阿旭戒指冰少林	21000040	0	10122067
213	1302	制作60级8星门派阿旭戒指火少林	21000041	0	10122068
214	1303	制作70级8星门派阿旭戒指火少林	21000041	0	10122069
215	1304	制作80级8星门派阿旭戒指火少林	21000041	0	10122070
216	1305	制作90级8星门派阿旭戒指火少林	21000041	0	10122071
217	1302	制作60级8星门派阿旭戒指玄少林	21000042	0	10122072
218	1303	制作70级8星门派阿旭戒指玄少林	21000042	0	10122073
219	1304	制作80级8星门派阿旭戒指玄少林	21000042	0	10122074
220	1305	制作90级8星门派阿旭戒指玄少林	21000042	0	10122075
221	1302	制作60级8星门派阿旭戒指毒少林	21000043	0	10122076
222	1303	制作70级8星门派阿旭戒指毒少林	21000043	0	10122077
223	1304	制作80级8星门派阿旭戒指毒少林	21000043	0	10122078
224	1305	制作90级8星门派阿旭戒指毒少林	21000043	0	10122079
225	1302	制作60级8星门派阿旭戒指冰明教	21000040	1	10122080
226	1303	制作70级8星门派阿旭戒指冰明教	21000040	1	10122081
227	1304	制作80级8星门派阿旭戒指冰明教	21000040	1	10122082
228	1305	制作90级8星门派阿旭戒指冰明教	21000040	1	10122083
229	1302	制作60级8星门派阿旭戒指火明教	21000041	1	10122084
230	1303	制作70级8星门派阿旭戒指火明教	21000041	1	10122085
231	1304	制作80级8星门派阿旭戒指火明教	21000041	1	10122086
232	1305	制作90级8星门派阿旭戒指火明教	21000041	1	10122087
233	1302	制作60级8星门派阿旭戒指玄明教	21000042	1	10122088
234	1303	制作70级8星门派阿旭戒指玄明教	21000042	1	10122089
235	1304	制作80级8星门派阿旭戒指玄明教	21000042	1	10122090
236	1305	制作90级8星门派阿旭戒指玄明教	21000042	1	10122091
237	1302	制作60级8星门派阿旭戒指毒明教	21000043	1	10122092
238	1303	制作70级8星门派阿旭戒指毒明教	21000043	1	10122093
239	1304	制作80级8星门派阿旭戒指毒明教	21000043	1	10122094
240	1305	制作90级8星门派阿旭戒指毒明教	21000043	1	10122095
241	1302	制作60级8星门派阿旭戒指冰丐帮	21000040	2	10122096
242	1303	制作70级8星门派阿旭戒指冰丐帮	21000040	2	10122097
243	1304	制作80级8星门派阿旭戒指冰丐帮	21000040	2	10122098
244	1305	制作90级8星门派阿旭戒指冰丐帮	21000040	2	10122099
245	1302	制作60级8星门派阿旭戒指火丐帮	21000041	2	10122100
246	1303	制作70级8星门派阿旭戒指火丐帮	21000041	2	10122101
247	1304	制作80级8星门派阿旭戒指火丐帮	21000041	2	10122102
248	1305	制作90级8星门派阿旭戒指火丐帮	21000041	2	10122103
249	1302	制作60级8星门派阿旭戒指玄丐帮	21000042	2	10122104
250	1303	制作70级8星门派阿旭戒指玄丐帮	21000042	2	10122105
251	1304	制作80级8星门派阿旭戒指玄丐帮	21000042	2	10122106
252	1305	制作90级8星门派阿旭戒指玄丐帮	21000042	2	10122107
253	1302	制作60级8星门派阿旭戒指毒丐帮	21000043	2	10122108
254	1303	制作70级8星门派阿旭戒指毒丐帮	21000043	2	10122109
255	1304	制作80级8星门派阿旭戒指毒丐帮	21000043	2	10122110
256	1305	制作90级8星门派阿旭戒指毒丐帮	21000043	2	10122111
257	1302	制作60级8星门派阿旭戒指冰武当	21000040	3	10122112
258	1303	制作70级8星门派阿旭戒指冰武当	21000040	3	10122113
259	1304	制作80级8星门派阿旭戒指冰武当	21000040	3	10122114
260	1305	制作90级8星门派阿旭戒指冰武当	21000040	3	10122115
261	1302	制作60级8星门派阿旭戒指火武当	21000041	3	10122116
262	1303	制作70级8星门派阿旭戒指火武当	21000041	3	10122117
263	1304	制作80级8星门派阿旭戒指火武当	21000041	3	10122118
264	1305	制作90级8星门派阿旭戒指火武当	21000041	3	10122119
265	1302	制作60级8星门派阿旭戒指玄武当	21000042	3	10122120
266	1303	制作70级8星门派阿旭戒指玄武当	21000042	3	10122121
267	1304	制作80级8星门派阿旭戒指玄武当	21000042	3	10122122
268	1305	制作90级8星门派阿旭戒指玄武当	21000042	3	10122123
269	1302	制作60级8星门派阿旭戒指毒武当	21000043	3	10122124
270	1303	制作70级8星门派阿旭戒指毒武当	21000043	3	10122125
271	1304	制作80级8星门派阿旭戒指毒武当	21000043	3	10122126
272	1305	制作90级8星门派阿旭戒指毒武当	21000043	3	10122127
273	1302	制作60级8星门派阿旭戒指冰峨嵋	21000040	4	10122128
274	1303	制作70级8星门派阿旭戒指冰峨嵋	21000040	4	10122129
275	1304	制作80级8星门派阿旭戒指冰峨嵋	21000040	4	10122130
276	1305	制作90级8星门派阿旭戒指冰峨嵋	21000040	4	10122131
277	1302	制作60级8星门派阿旭戒指火峨嵋	21000041	4	10122132
278	1303	制作70级8星门派阿旭戒指火峨嵋	21000041	4	10122133
279	1304	制作80级8星门派阿旭戒指火峨嵋	21000041	4	10122134
280	1305	制作90级8星门派阿旭戒指火峨嵋	21000041	4	10122135
281	1302	制作60级8星门派阿旭戒指玄峨嵋	21000042	4	10122136
282	1303	制作70级8星门派阿旭戒指玄峨嵋	21000042	4	10122137
283	1304	制作80级8星门派阿旭戒指玄峨嵋	21000042	4	10122138
284	1305	制作90级8星门派阿旭戒指玄峨嵋	21000042	4	10122139
285	1302	制作60级8星门派阿旭戒指毒峨嵋	21000043	4	10122140
286	1303	制作70级8星门派阿旭戒指毒峨嵋	21000043	4	10122141
287	1304	制作80级8星门派阿旭戒指毒峨嵋	21000043	4	10122142
288	1305	制作90级8星门派阿旭戒指毒峨嵋	21000043	4	10122143
289	1302	制作60级8星门派阿旭戒指冰星宿	21000040	5	10122144
290	1303	制作70级8星门派阿旭戒指冰星宿	21000040	5	10122145
291	1304	制作80级8星门派阿旭戒指冰星宿	21000040	5	10122146
292	1305	制作90级8星门派阿旭戒指冰星宿	21000040	5	10122147
293	1302	制作60级8星门派阿旭戒指火星宿	21000041	5	10122148
294	1303	制作70级8星门派阿旭戒指火星宿	21000041	5	10122149
295	1304	制作80级8星门派阿旭戒指火星宿	21000041	5	10122150
296	1305	制作90级8星门派阿旭戒指火星宿	21000041	5	10122151
297	1302	制作60级8星门派阿旭戒指玄星宿	21000042	5	10122152
298	1303	制作70级8星门派阿旭戒指玄星宿	21000042	5	10122153
299	1304	制作80级8星门派阿旭戒指玄星宿	21000042	5	10122154
300	1305	制作90级8星门派阿旭戒指玄星宿	21000042	5	10122155
301	1302	制作60级8星门派阿旭戒指毒星宿	21000043	5	10122156
302	1303	制作70级8星门派阿旭戒指毒星宿	21000043	5	10122157
303	1304	制作80级8星门派阿旭戒指毒星宿	21000043	5	10122158
304	1305	制作90级8星门派阿旭戒指毒星宿	21000043	5	10122159
305	1302	制作60级8星门派阿旭戒指冰大理	21000040	6	10122160
306	1303	制作70级8星门派阿旭戒指冰大理	21000040	6	10122161
307	1304	制作80级8星门派阿旭戒指冰大理	21000040	6	10122162
308	1305	制作90级8星门派阿旭戒指冰大理	21000040	6	10122163
309	1302	制作60级8星门派阿旭戒指火大理	21000041	6	10122164
310	1303	制作70级8星门派阿旭戒指火大理	21000041	6	10122165
311	1304	制作80级8星门派阿旭戒指火大理	21000041	6	10122166
312	1305	制作90级8星门派阿旭戒指火大理	21000041	6	10122167
313	1302	制作60级8星门派阿旭戒指玄大理	21000042	6	10122168
314	1303	制作70级8星门派阿旭戒指玄大理	21000042	6	10122169
315	1304	制作80级8星门派阿旭戒指玄大理	21000042	6	10122170
316	1305	制作90级8星门派阿旭戒指玄大理	21000042	6	10122171
317	1302	制作60级8星门派阿旭戒指毒大理	21000043	6	10122172
318	1303	制作70级8星门派阿旭戒指毒大理	21000043	6	10122173
319	1304	制作80级8星门派阿旭戒指毒大理	21000043	6	10122174
320	1305	制作90级8星门派阿旭戒指毒大理	21000043	6	10122175
321	1302	制作60级8星门派阿旭戒指冰天山	21000040	7	10122176
322	1303	制作70级8星门派阿旭戒指冰天山	21000040	7	10122177
323	1304	制作80级8星门派阿旭戒指冰天山	21000040	7	10122178
324	1305	制作90级8星门派阿旭戒指冰天山	21000040	7	10122179
325	1302	制作60级8星门派阿旭戒指火天山	21000041	7	10122180
326	1303	制作70级8星门派阿旭戒指火天山	21000041	7	10122181
327	1304	制作80级8星门派阿旭戒指火天山	21000041	7	10122182
328	1305	制作90级8星门派阿旭戒指火天山	21000041	7	10122183
329	1302	制作60级8星门派阿旭戒指玄天山	21000042	7	10122184
330	1303	制作70级8星门派阿旭戒指玄天山	21000042	7	10122185
331	1304	制作80级8星门派阿旭戒指玄天山	21000042	7	10122186
332	1305	制作90级8星门派阿旭戒指玄天山	21000042	7	10122187
333	1302	制作60级8星门派阿旭戒指毒天山	21000043	7	10122188
334	1303	制作70级8星门派阿旭戒指毒天山	21000043	7	10122189
335	1304	制作80级8星门派阿旭戒指毒天山	21000043	7	10122190
336	1305	制作90级8星门派阿旭戒指毒天山	21000043	7	10122191
337	1302	制作60级8星门派阿旭戒指冰逍遥	21000040	8	10122192
338	1303	制作70级8星门派阿旭戒指冰逍遥	21000040	8	10122193
339	1304	制作80级8星门派阿旭戒指冰逍遥	21000040	8	10122194
340	1305	制作90级8星门派阿旭戒指冰逍遥	21000040	8	10122195
341	1302	制作60级8星门派阿旭戒指火逍遥	21000041	8	10122196
342	1303	制作70级8星门派阿旭戒指火逍遥	21000041	8	10122197
343	1304	制作80级8星门派阿旭戒指火逍遥	21000041	8	10122198
344	1305	制作90级8星门派阿旭戒指火逍遥	21000041	8	10122199
345	1302	制作60级8星门派阿旭戒指玄逍遥	21000042	8	10122200
346	1303	制作70级8星门派阿旭戒指玄逍遥	21000042	8	10122201
347	1304	制作80级8星门派阿旭戒指玄逍遥	21000042	8	10122202
348	1305	制作90级8星门派阿旭戒指玄逍遥	21000042	8	10122203
349	1302	制作60级8星门派阿旭戒指毒逍遥	21000043	8	10122204
350	1303	制作70级8星门派阿旭戒指毒逍遥	21000043	8	10122205
351	1304	制作80级8星门派阿旭戒指毒逍遥	21000043	8	10122206
352	1305	制作90级8星门派阿旭戒指毒逍遥	21000043	8	10122207
353	1302	制作60级8星门派阿旭戒指冰曼陀	21000040	10	10122208
354	1303	制作70级8星门派阿旭戒指冰曼陀	21000040	10	10122209
355	1304	制作80级8星门派阿旭戒指冰曼陀	21000040	10	10122210
356	1305	制作90级8星门派阿旭戒指冰曼陀	21000040	10	10122211
357	1302	制作60级8星门派阿旭戒指火曼陀	21000041	10	10122212
358	1303	制作70级8星门派阿旭戒指火曼陀	21000041	10	10122213
359	1304	制作80级8星门派阿旭戒指火曼陀	21000041	10	10122214
360	1305	制作90级8星门派阿旭戒指火曼陀	21000041	10	10122215
361	1302	制作60级8星门派阿旭戒指玄曼陀	21000042	10	10122216
362	1303	制作70级8星门派阿旭戒指玄曼陀	21000042	10	10122217
363	1304	制作80级8星门派阿旭戒指玄曼陀	21000042	10	10122218
364	1305	制作90级8星门派阿旭戒指玄曼陀	21000042	10	10122219
365	1302	制作60级8星门派阿旭戒指毒曼陀	21000043	10	10122220
366	1303	制作70级8星门派阿旭戒指毒曼陀	21000043	10	10122221
367	1304	制作80级8星门派阿旭戒指毒曼陀	21000043	10	10122222
368	1305	制作90级8星门派阿旭戒指毒曼陀	21000043	10	10122223
369	1306	制作60级5星阿旭护符冰	21000028	-1	10123016
370	1307	制作70级5星阿旭护符冰	21000028	-1	10123017
371	1308	制作80级5星阿旭护符冰	21000028	-1	10123018
372	1309	制作90级5星阿旭护符冰	21000028	-1	10123019
373	1306	制作60级5星阿旭护符火	21000029	-1	10123020
374	1307	制作70级5星阿旭护符火	21000029	-1	10123021
375	1308	制作80级5星阿旭护符火	21000029	-1	10123022
376	1309	制作90级5星阿旭护符火	21000029	-1	10123023
377	1306	制作60级5星阿旭护符玄	21000030	-1	10123024
378	1307	制作70级5星阿旭护符玄	21000030	-1	10123025
379	1308	制作80级5星阿旭护符玄	21000030	-1	10123026
380	1309	制作90级5星阿旭护符玄	21000030	-1	10123027
381	1306	制作60级5星阿旭护符毒	21000031	-1	10123028
382	1307	制作70级5星阿旭护符毒	21000031	-1	10123029
383	1308	制作80级5星阿旭护符毒	21000031	-1	10123030
384	1309	制作90级5星阿旭护符毒	21000031	-1	10123031
385	1310	制作60级6星阿旭护符冰	21000032	-1	10123032
386	1311	制作70级6星阿旭护符冰	21000032	-1	10123033
387	1312	制作80级6星阿旭护符冰	21000032	-1	10123034
388	1313	制作90级6星阿旭护符冰	21000032	-1	10123035
389	1310	制作60级6星阿旭护符火	21000033	-1	10123036
390	1311	制作70级6星阿旭护符火	21000033	-1	10123037
391	1312	制作80级6星阿旭护符火	21000033	-1	10123038
392	1313	制作90级6星阿旭护符火	21000033	-1	10123039
393	1310	制作60级6星阿旭护符玄	21000034	-1	10123040
394	1311	制作70级6星阿旭护符玄	21000034	-1	10123041
395	1312	制作80级6星阿旭护符玄	21000034	-1	10123042
396	1313	制作90级6星阿旭护符玄	21000034	-1	10123043
397	1310	制作60级6星阿旭护符毒	21000035	-1	10123044
398	1311	制作70级6星阿旭护符毒	21000035	-1	10123045
399	1312	制作80级6星阿旭护符毒	21000035	-1	10123046
400	1313	制作90级6星阿旭护符毒	21000035	-1	10123047
401	1314	制作60级7星阿旭护符冰	21000036	-1	10123048
402	1315	制作70级7星阿旭护符冰	21000036	-1	10123049
403	1316	制作80级7星阿旭护符冰	21000036	-1	10123050
404	1317	制作90级7星阿旭护符冰	21000036	-1	10123051
405	1314	制作60级7星阿旭护符火	21000037	-1	10123052
406	1315	制作70级7星阿旭护符火	21000037	-1	10123053
407	1316	制作80级7星阿旭护符火	21000037	-1	10123054
408	1317	制作90级7星阿旭护符火	21000037	-1	10123055
409	1314	制作60级7星阿旭护符玄	21000038	-1	10123056
410	1315	制作70级7星阿旭护符玄	21000038	-1	10123057
411	1316	制作80级7星阿旭护符玄	21000038	-1	10123058
412	1317	制作90级7星阿旭护符玄	21000038	-1	10123059
413	1314	制作60级7星阿旭护符毒	21000039	-1	10123060
414	1315	制作70级7星阿旭护符毒	21000039	-1	10123061
415	1316	制作80级7星阿旭护符毒	21000039	-1	10123062
416	1317	制作90级7星阿旭护符毒	21000039	-1	10123063
417	1318	制作60级8星门派阿旭护符冰少林	21000040	0	10123064
418	1319	制作70级8星门派阿旭护符冰少林	21000040	0	10123065
419	1320	制作80级8星门派阿旭护符冰少林	21000040	0	10123066
420	1321	制作90级8星门派阿旭护符冰少林	21000040	0	10123067
421	1318	制作60级8星门派阿旭护符火少林	21000041	0	10123068
422	1319	制作70级8星门派阿旭护符火少林	21000041	0	10123069
423	1320	制作80级8星门派阿旭护符火少林	21000041	0	10123070
424	1321	制作90级8星门派阿旭护符火少林	21000041	0	10123071
425	1318	制作60级8星门派阿旭护符玄少林	21000042	0	10123072
426	1319	制作70级8星门派阿旭护符玄少林	21000042	0	10123073
427	1320	制作80级8星门派阿旭护符玄少林	21000042	0	10123074
428	1321	制作90级8星门派阿旭护符玄少林	21000042	0	10123075
429	1318	制作60级8星门派阿旭护符毒少林	21000043	0	10123076
430	1319	制作70级8星门派阿旭护符毒少林	21000043	0	10123077
431	1320	制作80级8星门派阿旭护符毒少林	21000043	0	10123078
432	1321	制作90级8星门派阿旭护符毒少林	21000043	0	10123079
433	1318	制作60级8星门派阿旭护符冰明教	21000040	1	10123080
434	1319	制作70级8星门派阿旭护符冰明教	21000040	1	10123081
435	1320	制作80级8星门派阿旭护符冰明教	21000040	1	10123082
436	1321	制作90级8星门派阿旭护符冰明教	21000040	1	10123083
437	1318	制作60级8星门派阿旭护符火明教	21000041	1	10123084
438	1319	制作70级8星门派阿旭护符火明教	21000041	1	10123085
439	1320	制作80级8星门派阿旭护符火明教	21000041	1	10123086
440	1321	制作90级8星门派阿旭护符火明教	21000041	1	10123087
441	1318	制作60级8星门派阿旭护符玄明教	21000042	1	10123088
442	1319	制作70级8星门派阿旭护符玄明教	21000042	1	10123089
443	1320	制作80级8星门派阿旭护符玄明教	21000042	1	10123090
444	1321	制作90级8星门派阿旭护符玄明教	21000042	1	10123091
445	1318	制作60级8星门派阿旭护符毒明教	21000043	1	10123092
446	1319	制作70级8星门派阿旭护符毒明教	21000043	1	10123093
447	1320	制作80级8星门派阿旭护符毒明教	21000043	1	10123094
448	1321	制作90级8星门派阿旭护符毒明教	21000043	1	10123095
449	1318	制作60级8星门派阿旭护符冰丐帮	21000040	2	10123096
450	1319	制作70级8星门派阿旭护符冰丐帮	21000040	2	10123097
451	1320	制作80级8星门派阿旭护符冰丐帮	21000040	2	10123098
452	1321	制作90级8星门派阿旭护符冰丐帮	21000040	2	10123099
453	1318	制作60级8星门派阿旭护符火丐帮	21000041	2	10123100
454	1319	制作70级8星门派阿旭护符火丐帮	21000041	2	10123101
455	1320	制作80级8星门派阿旭护符火丐帮	21000041	2	10123102
456	1321	制作90级8星门派阿旭护符火丐帮	21000041	2	10123103
457	1318	制作60级8星门派阿旭护符玄丐帮	21000042	2	10123104
458	1319	制作70级8星门派阿旭护符玄丐帮	21000042	2	10123105
459	1320	制作80级8星门派阿旭护符玄丐帮	21000042	2	10123106
460	1321	制作90级8星门派阿旭护符玄丐帮	21000042	2	10123107
461	1318	制作60级8星门派阿旭护符毒丐帮	21000043	2	10123108
462	1319	制作70级8星门派阿旭护符毒丐帮	21000043	2	10123109
463	1320	制作80级8星门派阿旭护符毒丐帮	21000043	2	10123110
464	1321	制作90级8星门派阿旭护符毒丐帮	21000043	2	10123111
465	1318	制作60级8星门派阿旭护符冰武当	21000040	3	10123112
466	1319	制作70级8星门派阿旭护符冰武当	21000040	3	10123113
467	1320	制作80级8星门派阿旭护符冰武当	21000040	3	10123114
468	1321	制作90级8星门派阿旭护符冰武当	21000040	3	10123115
469	1318	制作60级8星门派阿旭护符火武当	21000041	3	10123116
470	1319	制作70级8星门派阿旭护符火武当	21000041	3	10123117
471	1320	制作80级8星门派阿旭护符火武当	21000041	3	10123118
472	1321	制作90级8星门派阿旭护符火武当	21000041	3	10123119
473	1318	制作60级8星门派阿旭护符玄武当	21000042	3	10123120
474	1319	制作70级8星门派阿旭护符玄武当	21000042	3	10123121
475	1320	制作80级8星门派阿旭护符玄武当	21000042	3	10123122
476	1321	制作90级8星门派阿旭护符玄武当	21000042	3	10123123
477	1318	制作60级8星门派阿旭护符毒武当	21000043	3	10123124
478	1319	制作70级8星门派阿旭护符毒武当	21000043	3	10123125
479	1320	制作80级8星门派阿旭护符毒武当	21000043	3	10123126
480	1321	制作90级8星门派阿旭护符毒武当	21000043	3	10123127
481	1318	制作60级8星门派阿旭护符冰峨嵋	21000040	4	10123128
482	1319	制作70级8星门派阿旭护符冰峨嵋	21000040	4	10123129
483	1320	制作80级8星门派阿旭护符冰峨嵋	21000040	4	10123130
484	1321	制作90级8星门派阿旭护符冰峨嵋	21000040	4	10123131
485	1318	制作60级8星门派阿旭护符火峨嵋	21000041	4	10123132
486	1319	制作70级8星门派阿旭护符火峨嵋	21000041	4	10123133
487	1320	制作80级8星门派阿旭护符火峨嵋	21000041	4	10123134
488	1321	制作90级8星门派阿旭护符火峨嵋	21000041	4	10123135
489	1318	制作60级8星门派阿旭护符玄峨嵋	21000042	4	10123136
490	1319	制作70级8星门派阿旭护符玄峨嵋	21000042	4	10123137
491	1320	制作80级8星门派阿旭护符玄峨嵋	21000042	4	10123138
492	1321	制作90级8星门派阿旭护符玄峨嵋	21000042	4	10123139
493	1318	制作60级8星门派阿旭护符毒峨嵋	21000043	4	10123140
494	1319	制作70级8星门派阿旭护符毒峨嵋	21000043	4	10123141
495	1320	制作80级8星门派阿旭护符毒峨嵋	21000043	4	10123142
496	1321	制作90级8星门派阿旭护符毒峨嵋	21000043	4	10123143
497	1318	制作60级8星门派阿旭护符冰星宿	21000040	5	10123144
498	1319	制作70级8星门派阿旭护符冰星宿	21000040	5	10123145
499	1320	制作80级8星门派阿旭护符冰星宿	21000040	5	10123146
500	1321	制作90级8星门派阿旭护符冰星宿	21000040	5	10123147
501	1318	制作60级8星门派阿旭护符火星宿	21000041	5	10123148
502	1319	制作70级8星门派阿旭护符火星宿	21000041	5	10123149
503	1320	制作80级8星门派阿旭护符火星宿	21000041	5	10123150
504	1321	制作90级8星门派阿旭护符火星宿	21000041	5	10123151
505	1318	制作60级8星门派阿旭护符玄星宿	21000042	5	10123152
506	1319	制作70级8星门派阿旭护符玄星宿	21000042	5	10123153
507	1320	制作80级8星门派阿旭护符玄星宿	21000042	5	10123154
508	1321	制作90级8星门派阿旭护符玄星宿	21000042	5	10123155
509	1318	制作60级8星门派阿旭护符毒星宿	21000043	5	10123156
510	1319	制作70级8星门派阿旭护符毒星宿	21000043	5	10123157
511	1320	制作80级8星门派阿旭护符毒星宿	21000043	5	10123158
512	1321	制作90级8星门派阿旭护符毒星宿	21000043	5	10123159
513	1318	制作60级8星门派阿旭护符冰大理	21000040	6	10123160
514	1319	制作70级8星门派阿旭护符冰大理	21000040	6	10123161
515	1320	制作80级8星门派阿旭护符冰大理	21000040	6	10123162
516	1321	制作90级8星门派阿旭护符冰大理	21000040	6	10123163
517	1318	制作60级8星门派阿旭护符火大理	21000041	6	10123164
518	1319	制作70级8星门派阿旭护符火大理	21000041	6	10123165
519	1320	制作80级8星门派阿旭护符火大理	21000041	6	10123166
520	1321	制作90级8星门派阿旭护符火大理	21000041	6	10123167
521	1318	制作60级8星门派阿旭护符玄大理	21000042	6	10123168
522	1319	制作70级8星门派阿旭护符玄大理	21000042	6	10123169
523	1320	制作80级8星门派阿旭护符玄大理	21000042	6	10123170
524	1321	制作90级8星门派阿旭护符玄大理	21000042	6	10123171
525	1318	制作60级8星门派阿旭护符毒大理	21000043	6	10123172
526	1319	制作70级8星门派阿旭护符毒大理	21000043	6	10123173
527	1320	制作80级8星门派阿旭护符毒大理	21000043	6	10123174
528	1321	制作90级8星门派阿旭护符毒大理	21000043	6	10123175
529	1318	制作60级8星门派阿旭护符冰天山	21000040	7	10123176
530	1319	制作70级8星门派阿旭护符冰天山	21000040	7	10123177
531	1320	制作80级8星门派阿旭护符冰天山	21000040	7	10123178
532	1321	制作90级8星门派阿旭护符冰天山	21000040	7	10123179
533	1318	制作60级8星门派阿旭护符火天山	21000041	7	10123180
534	1319	制作70级8星门派阿旭护符火天山	21000041	7	10123181
535	1320	制作80级8星门派阿旭护符火天山	21000041	7	10123182
536	1321	制作90级8星门派阿旭护符火天山	21000041	7	10123183
537	1318	制作60级8星门派阿旭护符玄天山	21000042	7	10123184
538	1319	制作70级8星门派阿旭护符玄天山	21000042	7	10123185
539	1320	制作80级8星门派阿旭护符玄天山	21000042	7	10123186
540	1321	制作90级8星门派阿旭护符玄天山	21000042	7	10123187
541	1318	制作60级8星门派阿旭护符毒天山	21000043	7	10123188
542	1319	制作70级8星门派阿旭护符毒天山	21000043	7	10123189
543	1320	制作80级8星门派阿旭护符毒天山	21000043	7	10123190
544	1321	制作90级8星门派阿旭护符毒天山	21000043	7	10123191
545	1318	制作60级8星门派阿旭护符冰逍遥	21000040	8	10123192
546	1319	制作70级8星门派阿旭护符冰逍遥	21000040	8	10123193
547	1320	制作80级8星门派阿旭护符冰逍遥	21000040	8	10123194
548	1321	制作90级8星门派阿旭护符冰逍遥	21000040	8	10123195
549	1318	制作60级8星门派阿旭护符火逍遥	21000041	8	10123196
550	1319	制作70级8星门派阿旭护符火逍遥	21000041	8	10123197
551	1320	制作80级8星门派阿旭护符火逍遥	21000041	8	10123198
552	1321	制作90级8星门派阿旭护符火逍遥	21000041	8	10123199
553	1318	制作60级8星门派阿旭护符玄逍遥	21000042	8	10123200
554	1319	制作70级8星门派阿旭护符玄逍遥	21000042	8	10123201
555	1320	制作80级8星门派阿旭护符玄逍遥	21000042	8	10123202
556	1321	制作90级8星门派阿旭护符玄逍遥	21000042	8	10123203
557	1318	制作60级8星门派阿旭护符毒逍遥	21000043	8	10123204
558	1319	制作70级8星门派阿旭护符毒逍遥	21000043	8	10123205
559	1320	制作80级8星门派阿旭护符毒逍遥	21000043	8	10123206
560	1321	制作90级8星门派阿旭护符毒逍遥	21000043	8	10123207
561	1318	制作60级8星门派阿旭护符冰曼陀	21000040	10	10123208
562	1319	制作70级8星门派阿旭护符冰曼陀	21000040	10	10123209
563	1320	制作80级8星门派阿旭护符冰曼陀	21000040	10	10123210
564	1321	制作90级8星门派阿旭护符冰曼陀	21000040	10	10123211
565	1318	制作60级8星门派阿旭护符火曼陀	21000041	10	10123212
566	1319	制作70级8星门派阿旭护符火曼陀	21000041	10	10123213
567	1320	制作80级8星门派阿旭护符火曼陀	21000041	10	10123214
568	1321	制作90级8星门派阿旭护符火曼陀	21000041	10	10123215
569	1318	制作60级8星门派阿旭护符玄曼陀	21000042	10	10123216
570	1319	制作70级8星门派阿旭护符玄曼陀	21000042	10	10123217
571	1320	制作80级8星门派阿旭护符玄曼陀	21000042	10	10123218
572	1321	制作90级8星门派阿旭护符玄曼陀	21000042	10	10123219
573	1318	制作60级8星门派阿旭护符毒曼陀	21000043	10	10123220
574	1319	制作70级8星门派阿旭护符毒曼陀	21000043	10	10123221
575	1320	制作80级8星门派阿旭护符毒曼陀	21000043	10	10123222
576	1321	制作90级8星门派阿旭护符毒曼陀	21000043	10	10123223
577	1358	定位符	30501029	-1	30501043
578	1358	定位符	30501030	-1	30501044
579	1358	定位符	30501031	-1	30501045
580	1358	定位符	30501032	-1	30501046
581	1358	定位符	30501033	-1	30501047
582	1358	定位符	30501034	-1	30501048
583	1367	奇闻小喇叭	30505107	-1	38003171
584	1367	奇闻小喇叭	30505219	-1	38003171
