INT	INT	INT	INT	INT
SkillID	NewSkillID	材料	消耗金钱	技能等级
1361	1362	20310117	10000	1	
1362	1363	20310118	10000	2	
1363	1364	20310119	15000	3	
1364	1365	20310120	15000	4	
1365	1366	20310121	20000	5	
1366	-1	-1	-1	6	
1367	1368	20310117	10000	1	
1368	1369	20310118	10000	2	
1369	1370	20310119	15000	3	
1370	1371	20310120	15000	4	
1371	1372	20310121	20000	5	
1372	-1	-1	-1	6	
1373	1374	20310117	10000	1	
1374	1375	20310118	10000	2	
1375	1376	20310119	15000	3	
1376	1377	20310120	15000	4	
1377	1378	20310121	20000	5	
1378	-1	-1	-1	6	
1379	1380	20310117	10000	1	
1380	1381	20310118	10000	2	
1381	1382	20310119	15000	3	
1382	1383	20310120	15000	4	
1383	1384	20310121	20000	5	
1384	-1	-1	-1	6	
1385	1386	20310117	10000	1	
1386	1387	20310118	10000	2	
1387	1388	20310119	15000	3	
1388	1389	20310120	15000	4	
1389	1390	20310121	20000	5	
1390	-1	-1	-1	6	
1391	1392	20310117	10000	1	
1392	1393	20310118	10000	2	
1393	1394	20310119	15000	3	
1394	1395	20310120	15000	4	
1395	1396	20310121	20000	5	
1396	-1	-1	-1	6	
1397	1398	20310117	10000	1	
1398	1399	20310118	10000	2	
1399	1400	20310119	15000	3	
1400	1401	20310120	15000	4	
1401	1402	20310121	20000	5	
1402	-1	-1	-1	6	
1403	1404	20310117	10000	1	
1404	1405	20310118	10000	2	
1405	1406	20310119	15000	3	
1406	1407	20310120	15000	4	
1407	1408	20310121	20000	5	
1408	-1	-1	-1	6	
1409	1410	20310117	10000	1	
1410	1411	20310118	10000	2	
1411	1412	20310119	15000	3	
1412	1413	20310120	15000	4	
1413	1414	20310121	20000	5	
1414	-1	-1	-1	6	
1415	1416	20310117	10000	1	
1416	1417	20310118	10000	2	
1417	1418	20310119	15000	3	
1418	1419	20310120	15000	4	
1419	1420	20310121	20000	5	
1420	-1	-1	-1	6	
1421	1422	20310117	10000	1	
1422	1423	20310118	10000	2	
1423	1424	20310119	15000	3	
1424	1425	20310120	15000	4	
1425	1426	20310121	20000	5	
1426	-1	-1	-1	6	
1427	1428	20310117	10000	1	
1428	1429	20310118	10000	2	
1429	1430	20310119	15000	3	
1430	1431	20310120	15000	4	
1431	1432	20310121	20000	5	
1432	-1	-1	-1	6	
1433	1434	20310117	10000	1	
1434	1435	20310118	10000	2	
1435	1436	20310119	15000	3	
1436	1437	20310120	15000	4	
1437	1438	20310121	20000	5	
1438	-1	-1	-1	6	
1439	1440	20310117	10000	1	
1440	1441	20310118	10000	2	
1441	1442	20310119	15000	3	
1442	1443	20310120	15000	4	
1443	1444	20310121	20000	5	
1444	-1	-1	-1	6	
1445	1446	20310117	10000	1	
1446	1447	20310118	10000	2	
1447	1448	20310119	15000	3	
1448	1449	20310120	15000	4	
1449	1450	20310121	20000	5	
1450	-1	-1	-1	6	
1451	1452	20310117	10000	1	
1452	1453	20310118	10000	2	
1453	1454	20310119	15000	3	
1454	1455	20310120	15000	4	
1455	1456	20310121	20000	5	
1456	-1	-1	-1	6	
1457	1458	20310117	10000	1	
1458	1459	20310118	10000	2	
1459	1460	20310119	15000	3	
1460	1461	20310120	15000	4	
1461	1462	20310121	20000	5	
1462	-1	-1	-1	6	
1463	1464	20310117	10000	1	
1464	1465	20310118	10000	2	
1465	1466	20310119	15000	3	
1466	1467	20310120	15000	4	
1467	1468	20310121	20000	5	
1468	-1	-1	-1	6	
1469	1470	20310117	10000	1	
1470	1471	20310118	10000	2	
1471	1472	20310119	15000	3	
1472	1473	20310120	15000	4	
1473	1474	20310121	20000	5	
1474	-1	-1	-1	6	
1475	1476	20310117	10000	1	
1476	1477	20310118	10000	2	
1477	1478	20310119	15000	3	
1478	1479	20310120	15000	4	
1479	1480	20310121	20000	5	
1480	-1	-1	-1	6	
1481	1482	20310117	10000	1	
1482	1483	20310118	10000	2	
1483	1484	20310119	15000	3	
1484	1485	20310120	15000	4	
1485	1486	20310121	20000	5	
1486	-1	-1	-1	6	
1487	1488	20310117	10000	1	
1488	1489	20310118	10000	2	
1489	1490	20310119	15000	3	
1490	1491	20310120	15000	4	
1491	1492	20310121	20000	5	
1492	-1	-1	-1	6	
1493	1494	20310117	10000	1	
1494	1495	20310118	10000	2	
1495	1496	20310119	15000	3	
1496	1497	20310120	15000	4	
1497	1498	20310121	20000	5	
1498	-1	-1	-1	6	
1499	1500	20310117	10000	1	
1500	1501	20310118	10000	2	
1501	1502	20310119	15000	3	
1502	1503	20310120	15000	4	
1503	1504	20310121	20000	5	
1504	-1	-1	-1	6	
1505	1506	20310117	10000	1	
1506	1507	20310118	10000	2	
1507	1508	20310119	15000	3	
1508	1509	20310120	15000	4	
1509	1510	20310121	20000	5	
1510	-1	-1	-1	6	
1511	1512	20310117	10000	1	
1512	1513	20310118	10000	2	
1513	1514	20310119	15000	3	
1514	1515	20310120	15000	4	
1515	1516	20310121	20000	5	
1516	-1	-1	-1	6	
1517	1518	20310117	10000	1	
1518	1519	20310118	10000	2	
1519	1520	20310119	15000	3	
1520	1521	20310120	15000	4	
1521	1522	20310121	20000	5	
1522	-1	-1	-1	6	
1523	1524	20310117	10000	1	
1524	1525	20310118	10000	2	
1525	1526	20310119	15000	3	
1526	1527	20310120	15000	4	
1527	1528	20310121	20000	5	
1528	-1	-1	-1	6	
1529	1530	20310117	10000	1	
1530	1531	20310118	10000	2	
1531	1532	20310119	15000	3	
1532	1533	20310120	15000	4	
1533	1534	20310121	20000	5	
1534	-1	-1	-1	6	
1535	1536	20310117	10000	1	
1536	1537	20310118	10000	2	
1537	1538	20310119	15000	3	
1538	1539	20310120	15000	4	
1539	1540	20310121	20000	5	
1540	-1	-1	-1	6	
1541	1542	20310117	10000	1	
1542	1543	20310118	10000	2	
1543	1544	20310119	15000	3	
1544	1545	20310120	15000	4	
1545	1546	20310121	20000	5	
1546	-1	-1	-1	6	
1547	1548	20310117	10000	1	
1548	1549	20310118	10000	2	
1549	1550	20310119	15000	3	
1550	1551	20310120	15000	4	
1551	1552	20310121	20000	5	
1552	-1	-1	-1	6	
1553	1554	20310117	10000	1	
1554	1555	20310118	10000	2	
1555	1556	20310119	15000	3	
1556	1557	20310120	15000	4	
1557	1558	20310121	20000	5	
1558	-1	-1	-1	6	
1559	1560	20310117	10000	1	
1560	1561	20310118	10000	2	
1561	1562	20310119	15000	3	
1562	1563	20310120	15000	4	
1563	1564	20310121	20000	5	
1564	-1	-1	-1	6	
1565	1566	20310117	10000	1	
1566	1567	20310118	10000	2	
1567	1568	20310119	15000	3	
1568	1569	20310120	15000	4	
1569	1570	20310121	20000	5	
1570	-1	-1	-1	6	
1571	1572	20310117	10000	1	
1572	1573	20310118	10000	2	
1573	1574	20310119	15000	3	
1574	1575	20310120	15000	4	
1575	1576	20310121	20000	5	
1576	-1	-1	-1	6	
1577	1578	20310117	10000	1	
1578	1579	20310118	10000	2	
1579	1580	20310119	15000	3	
1580	1581	20310120	15000	4	
1581	1582	20310121	20000	5	
1582	-1	-1	-1	6	
1583	1584	20310117	10000	1	
1584	1585	20310118	10000	2	
1585	1586	20310119	15000	3	
1586	1587	20310120	15000	4	
1587	1588	20310121	20000	5	
1588	-1	-1	-1	6	
1589	1590	20310117	10000	1	
1590	1591	20310118	10000	2	
1591	1592	20310119	15000	3	
1592	1593	20310120	15000	4	
1593	1594	20310121	20000	5	
1594	-1	-1	-1	6	
1595	1596	20310117	10000	1	
1596	1597	20310118	10000	2	
1597	1598	20310119	15000	3	
1598	1599	20310120	15000	4	
1599	1600	20310121	20000	5	
1600	-1	-1	-1	6	
1601	1602	20310117	10000	1	
1602	1603	20310118	10000	2	
1603	1604	20310119	15000	3	
1604	1605	20310120	15000	4	
1605	1606	20310121	20000	5	
1606	-1	-1	-1	6	
1607	1608	20310117	10000	1	
1608	1609	20310118	10000	2	
1609	1610	20310119	15000	3	
1610	1611	20310120	15000	4	
1611	1612	20310121	20000	5	
1612	-1	-1	-1	6	
1613	1614	20310117	10000	1	
1614	1615	20310118	10000	2	
1615	1616	20310119	15000	3	
1616	1617	20310120	15000	4	
1617	1618	20310121	20000	5	
1618	-1	-1	-1	6	
1619	1620	20310117	10000	1	
1620	1621	20310118	10000	2	
1621	1622	20310119	15000	3	
1622	1623	20310120	15000	4	
1623	1624	20310121	20000	5	
1624	-1	-1	-1	6	
3669	3670	20310117	10000	1	
3670	3671	20310118	10000	2	
3671	3672	20310119	15000	3	
3672	3673	20310120	15000	4	
3673	3674	20310121	20000	5	
3674	-1	-1	-1	6	
