INT	INT	INT	INT	INT	INT	INT
资质点	物理攻击	物理防御	魔法攻击	魔法防御	闪避	命中
1	2	2	2	2	-1	2	
2	2	2	2	2	-1	2	
3	2	2	2	2	-1	2	
4	2	2	2	2	-1	2	
5	2	2	2	2	-1	2	
6	2	2	2	2	-1	2	
7	2	2	2	2	-1	2	
8	2	2	2	2	-1	2	
9	2	2	2	2	-1	2	
10	2	2	2	2	-1	2	
11	2	2	2	2	-1	2	
12	2	2	2	2	-1	2	
13	2	2	2	2	-1	2	
14	3	3	3	3	-1	3	
15	3	3	3	3	-1	3	
16	3	3	3	3	-1	3	
17	3	3	3	3	-1	3	
18	3	3	3	3	-1	3	
19	3	3	3	3	-1	3	
20	3	3	3	3	-1	3	
21	3	3	3	3	-1	3	
22	3	3	3	3	-1	3	
23	3	3	3	3	-1	3	
24	3	3	3	3	-1	3	
25	3	3	3	3	-1	3	
26	3	3	3	3	-1	3	
27	3	3	3	3	-1	3	
28	3	3	3	3	-1	3	
29	3	3	3	3	-1	3	
30	3	3	3	3	-1	3	
31	3	3	3	3	-1	3	
32	3	3	3	3	-1	3	
33	3	3	3	3	-1	3	
34	3	3	3	3	-1	3	
35	3	3	3	3	-1	3	
36	3	3	3	3	-1	3	
37	3	3	3	3	-1	3	
38	3	3	3	3	-1	3	
39	4	4	4	4	-1	4	
40	4	4	4	4	-1	4	
41	4	4	4	4	-1	4	
42	4	4	4	4	-1	4	
43	4	4	4	4	-1	4	
44	4	4	4	4	-1	4	
45	4	4	4	4	-1	4	
46	4	4	4	4	-1	4	
47	4	4	4	4	-1	4	
48	4	4	4	4	-1	4	
49	4	4	4	4	-1	4	
50	4	4	4	4	-1	4	
51	4	4	4	4	-1	4	
52	4	4	4	4	-1	4	
53	4	4	4	4	-1	4	
54	4	4	4	4	-1	4	
55	4	4	4	4	-1	4	
56	4	4	4	4	-1	4	
57	4	4	4	4	-1	4	
58	4	4	4	4	-1	4	
59	4	4	4	4	-1	4	
60	4	4	4	4	-1	4	
61	4	4	4	4	-1	4	
62	4	4	4	4	-1	4	
63	5	5	5	5	-1	5	
64	6	6	6	6	-1	6	
65	6	6	6	6	-1	6	
66	6	6	6	6	-1	6	
67	6	6	6	6	-1	6	
68	6	6	6	6	-1	6	
69	6	6	6	6	-1	6	
70	7	7	7	7	-1	7	
71	7	7	7	7	-1	7	
72	7	7	7	7	-1	7	
73	7	7	7	7	-1	7	
74	7	7	7	7	-1	7	
75	7	7	7	7	-1	7	
76	7	7	7	7	-1	7	
77	7	7	7	7	-1	7	
78	7	7	7	7	-1	7	
79	7	7	7	7	-1	7	
80	7	7	7	7	-1	7	
81	7	7	7	7	-1	7	
82	7	7	7	7	-1	7	
83	7	7	7	7	-1	7	
84	8	8	8	8	-1	8	
85	8	8	8	8	-1	8	
86	8	8	8	8	-1	8	
87	8	8	8	8	-1	8	
88	8	8	8	8	-1	8	
89	8	8	8	8	-1	8	
90	8	8	8	8	-1	8	
91	8	8	8	8	-1	8	
92	8	8	8	8	-1	8	
93	8	8	8	8	-1	8	
94	8	8	8	8	-1	8	
95	8	8	8	8	-1	8	
96	8	8	8	8	-1	8	
97	8	8	8	8	-1	8	
98	9	9	9	9	-1	9	
99	9	9	9	9	-1	9	
100	9	9	9	9	-1	9	
101	9	9	9	9	-1	9	
102	9	9	9	9	-1	9	
103	9	9	9	9	-1	9	
104	9	9	9	9	-1	9	
105	9	9	9	9	-1	9	
106	9	9	9	9	-1	9	
107	9	9	9	9	-1	9	
108	9	9	9	9	-1	9	
109	9	9	9	9	-1	9	
110	9	9	9	9	-1	9	
111	9	9	9	9	-1	9	
112	10	10	10	10	-1	10	
113	10	10	10	10	-1	10	
114	10	10	10	10	-1	10	
115	10	10	10	10	-1	10	
116	10	10	10	10	-1	10	
117	10	10	10	10	-1	10	
118	10	10	10	10	-1	10	
119	10	10	10	10	-1	10	
120	10	10	10	10	-1	10	
121	10	10	10	10	-1	10	
122	10	10	10	10	-1	10	
123	10	10	10	10	-1	10	
124	10	10	10	10	-1	10	
125	11	11	11	11	-1	11	
126	12	12	12	12	-1	12	
127	12	12	12	12	-1	12	
128	12	12	12	12	-1	12	
129	12	12	12	12	-1	12	
130	12	12	12	12	-1	12	
131	13	13	13	13	-1	13	
132	13	13	13	13	-1	13	
133	13	13	13	13	-1	13	
134	13	13	13	13	-1	13	
135	13	13	13	13	-1	13	
136	13	13	13	13	-1	13	
137	13	13	13	13	-1	13	
138	13	13	13	13	-1	13	
139	13	13	13	13	-1	13	
140	13	13	13	13	-1	13	
141	13	13	13	13	-1	13	
142	13	13	13	13	-1	13	
143	14	14	14	14	-1	14	
144	14	14	14	14	-1	14	
145	14	14	14	14	-1	14	
146	14	14	14	14	-1	14	
147	14	14	14	14	-1	14	
148	14	14	14	14	-1	14	
149	14	14	14	14	-1	14	
150	14	14	14	14	-1	14	
151	14	14	14	14	-1	14	
152	14	14	14	14	-1	14	
153	14	14	14	14	-1	14	
154	15	15	15	15	-1	15	
155	15	15	15	15	-1	15	
156	15	15	15	15	-1	15	
157	15	15	15	15	-1	15	
158	15	15	15	15	-1	15	
159	15	15	15	15	-1	15	
160	15	15	15	15	-1	15	
161	15	15	15	15	-1	15	
162	15	15	15	15	-1	15	
163	15	15	15	15	-1	15	
164	15	15	15	15	-1	15	
165	15	15	15	15	-1	15	
166	16	16	16	16	-1	16	
167	16	16	16	16	-1	16	
168	16	16	16	16	-1	16	
169	16	16	16	16	-1	16	
170	16	16	16	16	-1	16	
171	16	16	16	16	-1	16	
172	16	16	16	16	-1	16	
173	16	16	16	16	-1	16	
174	16	16	16	16	-1	16	
175	16	16	16	16	-1	16	
176	16	16	16	16	-1	16	
177	17	17	17	17	-1	17	
178	17	17	17	17	-1	17	
179	17	17	17	17	-1	17	
180	17	17	17	17	-1	17	
181	17	17	17	17	-1	17	
182	17	17	17	17	-1	17	
183	17	17	17	17	-1	17	
184	17	17	17	17	-1	17	
185	17	17	17	17	-1	17	
186	17	17	17	17	-1	17	
187	17	17	17	17	-1	17	
188	18	18	18	18	-1	18	
189	20	20	20	20	-1	20	
190	20	20	20	20	-1	20	
191	20	20	20	20	-1	20	
192	20	20	20	20	-1	20	
193	20	20	20	20	-1	20	
194	20	20	20	20	-1	20	
195	20	20	20	20	-1	20	
196	20	20	20	20	-1	20	
197	20	20	20	20	-1	20	
198	20	20	20	20	-1	20	
199	20	20	20	20	-1	20	
200	20	20	20	20	-1	20	
201	20	20	20	20	-1	20	
202	21	21	21	21	-1	21	
203	21	21	21	21	-1	21	
204	21	21	21	21	-1	21	
205	21	21	21	21	-1	21	
206	21	21	21	21	-1	21	
207	21	21	21	21	-1	21	
208	21	21	21	21	-1	21	
209	21	21	21	21	-1	21	
210	21	21	21	21	-1	21	
211	21	21	21	21	-1	21	
212	21	21	21	21	-1	21	
213	21	21	21	21	-1	21	
214	22	22	22	22	-1	22	
215	22	22	22	22	-1	22	
216	22	22	22	22	-1	22	
217	22	22	22	22	-1	22	
218	22	22	22	22	-1	22	
219	22	22	22	22	-1	22	
220	22	22	22	22	-1	22	
221	22	22	22	22	-1	22	
222	22	22	22	22	-1	22	
223	22	22	22	22	-1	22	
224	22	22	22	22	-1	22	
225	22	22	22	22	-1	22	
226	23	23	23	23	-1	23	
227	23	23	23	23	-1	23	
228	23	23	23	23	-1	23	
229	23	23	23	23	-1	23	
230	23	23	23	23	-1	23	
231	23	23	23	23	-1	23	
232	23	23	23	23	-1	23	
233	23	23	23	23	-1	23	
234	23	23	23	23	-1	23	
235	23	23	23	23	-1	23	
236	23	23	23	23	-1	23	
237	23	23	23	23	-1	23	
238	24	24	24	24	-1	24	
239	24	24	24	24	-1	24	
240	24	24	24	24	-1	24	
241	24	24	24	24	-1	24	
242	24	24	24	24	-1	24	
243	24	24	24	24	-1	24	
244	24	24	24	24	-1	24	
245	24	24	24	24	-1	24	
246	24	24	24	24	-1	24	
247	24	24	24	24	-1	24	
248	24	24	24	24	-1	24	
249	24	24	24	24	-1	24	
250	25	25	25	25	-1	25	
251	30	30	30	30	-1	30	
252	40	40	40	40	-1	40	
253	50	50	50	50	-1	50	
254	60	60	60	60	-1	60	
255	80	80	80	80	-1	80	
