INT	INT	INT	INT	INT	INT	INT	INT	INT	INT	INT	INT	INT	INT	INT	INT	INT	INT	INT	INT	STRING
Index	装备ID	升级材料1	材料消耗1	升级材料2	材料消耗2	升级材料3	材料消耗3	概率	金钱消耗	升级材料1	材料消耗1	升级材料2	材料消耗2	升级材料3	材料消耗3	概率	金钱消耗	升级后的ID	是否升级后的物品	说明
0	70500000	20301009	3	-1	-1	-1	-1	100	10000	-1	-1	-1	-1	-1	-1	100	10000	70500001	0	升级后整套的套装效果将提升为：#G外功攻击+1328#W；#G命中+1718#W；#G力量+66#W；#G猛击技能释放时额外增加外功攻击（2星套装效果）#W。
1	70500001	20301009	5	-1	-1	-1	-1	100	20000	-1	-1	-1	-1	-1	-1	100	20000	70500002	1	升级后整套的套装效果将提升为：#G外功攻击+1992#W；#G命中+2576#W；#G力量+98#W；#G猛击技能释放时额外增加外功攻击（3星套装效果）#W。
2	70500002	20301009	7	-1	-1	-1	-1	100	30000	-1	-1	-1	-1	-1	-1	100	30000	70500003	1	升级后整套的套装效果将提升为：#G外功攻击+2654#W；#G命中+3434#W；#G力量+132#W；#G猛击技能释放时额外增加外功攻击（4星套装效果）#W。
3	70500003	20301009	11	-1	-1	-1	-1	100	40000	-1	-1	-1	-1	-1	-1	100	40000	70500004	1	升级后整套的套装效果将提升为：#G外功攻击+3318#W；#G命中+4292#W；#G力量+164#W；#G猛击技能释放时额外增加外功攻击（5星套装效果）#W。
4	70500005	20301009	3	-1	-1	-1	-1	100	10000	-1	-1	-1	-1	-1	-1	100	10000	70500006	0	升级后整套的套装效果将提升为：#G命中+1718#W；#G血上限+2434#W；#G力量+66#W；#G增加摔绊技能对目标的生效几率（2星套装效果）#W。
5	70500006	20301009	5	-1	-1	-1	-1	100	20000	-1	-1	-1	-1	-1	-1	100	20000	70500007	1	升级后整套的套装效果将提升为：#G命中+2576#W；#G血上限+3650#W；#G力量+98#W；#G增加摔绊技能对目标的生效几率（3星套装效果）#W。
6	70500007	20301009	7	-1	-1	-1	-1	100	30000	-1	-1	-1	-1	-1	-1	100	30000	70500008	1	升级后整套的套装效果将提升为：#G命中+3434#W；#G血上限+4868#W；#G力量+132#W；#G增加摔绊技能对目标的生效几率（4星套装效果）#W。
7	70500008	20301009	11	-1	-1	-1	-1	100	40000	-1	-1	-1	-1	-1	-1	100	40000	70500009	1	升级后整套的套装效果将提升为：#G命中+4292#W；#G血上限+6084#W；#G力量+164#W；#G增加摔绊技能对目标的生效几率（5星套装效果）#W。
8	70500010	20301009	3	-1	-1	-1	-1	100	10000	-1	-1	-1	-1	-1	-1	100	10000	70500011	0	升级后整套的套装效果将提升为：#G命中+1718#W；#G血上限+2434#W；#G力量+66#W；#G增加虚弱技能对目标的生效几率（2星套装效果）#W。
9	70500011	20301009	5	-1	-1	-1	-1	100	20000	-1	-1	-1	-1	-1	-1	100	20000	70500012	1	升级后整套的套装效果将提升为：#G命中+2576#W；#G血上限+3650#W；#G力量+98#W；#G增加虚弱技能对目标的生效几率（3星套装效果）#W。
10	70500012	20301009	7	-1	-1	-1	-1	100	30000	-1	-1	-1	-1	-1	-1	100	30000	70500013	1	升级后整套的套装效果将提升为：#G命中+3434#W；#G血上限+4868#W；#G力量+132#W；#G增加虚弱技能对目标的生效几率（4星套装效果）#W。
11	70500013	20301009	11	-1	-1	-1	-1	100	40000	-1	-1	-1	-1	-1	-1	100	40000	70500014	1	升级后整套的套装效果将提升为：#G命中+4292#W；#G血上限+6084#W；#G力量+164#W；#G增加虚弱技能对目标的生效几率（5星套装效果）#W。
12	70500015	20301009	3	-1	-1	-1	-1	100	10000	-1	-1	-1	-1	-1	-1	100	10000	70500016	0	升级后整套的套装效果将提升为：#G内功攻击+1328#W；#G命中+1718#W；#G灵气+66#W；#G烈火咒、玄雷咒、血毒咒、寒冰咒释放时额外增加对应的属性攻击（2星套装效果）#W。
13	70500016	20301009	5	-1	-1	-1	-1	100	20000	-1	-1	-1	-1	-1	-1	100	20000	70500017	1	升级后整套的套装效果将提升为：#G内功攻击+1992#W；#G命中+2576#W；#G灵气+98#W；#G烈火咒、玄雷咒、血毒咒、寒冰咒释放时额外增加对应的属性攻击（3星套装效果）#W。
14	70500017	20301009	7	-1	-1	-1	-1	100	30000	-1	-1	-1	-1	-1	-1	100	30000	70500018	1	升级后整套的套装效果将提升为：#G内功攻击+2654#W；#G命中+3434#W；#G灵气+132#W；#G烈火咒、玄雷咒、血毒咒、寒冰咒释放时额外增加对应的属性攻击（4星套装效果）#W。
15	70500018	20301009	11	-1	-1	-1	-1	100	40000	-1	-1	-1	-1	-1	-1	100	40000	70500019	1	升级后整套的套装效果将提升为：#G内功攻击+3318#W；#G命中+4292#W；#G灵气+164#W；#G烈火咒、玄雷咒、血毒咒、寒冰咒释放时额外增加对应的属性攻击（5星套装效果）#W。
16	70500020	20301009	3	-1	-1	-1	-1	100	10000	-1	-1	-1	-1	-1	-1	100	10000	70500021	0	升级后整套的套装效果将提升为：#G命中+1718#W；#G血上限+2434#W；#G灵气+66#W；#G增加摔绊技能对目标的生效几率（2星套装效果）#W。
17	70500021	20301009	5	-1	-1	-1	-1	100	20000	-1	-1	-1	-1	-1	-1	100	20000	70500022	1	升级后整套的套装效果将提升为：#G命中+2576#W；#G血上限+3650#W；#G灵气+98#W；#G增加摔绊技能对目标的生效几率（3星套装效果）#W。
18	70500022	20301009	7	-1	-1	-1	-1	100	30000	-1	-1	-1	-1	-1	-1	100	30000	70500023	1	升级后整套的套装效果将提升为：#G命中+3434#W；#G血上限+4868#W；#G灵气+132#W；#G增加摔绊技能对目标的生效几率（4星套装效果）#W。
19	70500023	20301009	11	-1	-1	-1	-1	100	40000	-1	-1	-1	-1	-1	-1	100	40000	70500024	1	升级后整套的套装效果将提升为：#G命中+4292#W；#G血上限+6084#W；#G灵气+164#W；#G增加摔绊技能对目标的生效几率（5星套装效果）#W。
20	70500025	20301009	3	-1	-1	-1	-1	100	10000	-1	-1	-1	-1	-1	-1	100	10000	70500026	0	升级后整套的套装效果将提升为：#G命中+1718#W；#G血上限+2434#W；#G灵气+66#W；#G增加虚弱技能对目标的生效几率（2星套装效果）#W。
21	70500026	20301009	5	-1	-1	-1	-1	100	20000	-1	-1	-1	-1	-1	-1	100	20000	70500027	1	升级后整套的套装效果将提升为：#G命中+2576#W；#G血上限+3650#W；#G灵气+98#W；#G增加虚弱技能对目标的生效几率（3星套装效果）#W。
22	70500027	20301009	7	-1	-1	-1	-1	100	30000	-1	-1	-1	-1	-1	-1	100	30000	70500028	1	升级后整套的套装效果将提升为：#G命中+3434#W；#G血上限+4868#W；#G灵气+132#W；#G增加虚弱技能对目标的生效几率（4星套装效果）#W。
23	70500028	20301009	11	-1	-1	-1	-1	100	40000	-1	-1	-1	-1	-1	-1	100	40000	70500029	1	升级后整套的套装效果将提升为：#G命中+4292#W；#G血上限+6084#W；#G灵气+164#W；#G增加虚弱技能对目标的生效几率（5星套装效果）#W。
24	70500030	20301009	3	-1	-1	-1	-1	100	10000	-1	-1	-1	-1	-1	-1	100	10000	70500031	0	升级后整套的套装效果将提升为：#G外功防御+1312#W；#G内功防御+1312#W；#G血上限+2434#W；#G增加灵动技能对珍兽自己的生效几率（2星套装效果）#W。
25	70500031	20301009	5	-1	-1	-1	-1	100	20000	-1	-1	-1	-1	-1	-1	100	20000	70500032	1	升级后整套的套装效果将提升为：#G外功防御+1966#W；#G内功防御+1966#W；#G血上限+3650#W；#G增加灵动技能对珍兽自己的生效几率（3星套装效果）#W。
26	70500032	20301009	7	-1	-1	-1	-1	100	30000	-1	-1	-1	-1	-1	-1	100	30000	70500033	1	升级后整套的套装效果将提升为：#G外功防御+2622#W；#G内功防御+2622#W；#G血上限+4868#W；#G增加灵动技能对珍兽自己的生效几率（4星套装效果）#W。
27	70500033	20301009	11	-1	-1	-1	-1	100	40000	-1	-1	-1	-1	-1	-1	100	40000	70500034	1	升级后整套的套装效果将提升为：#G外功防御+3276#W；#G内功防御+3276#W；#G血上限+6084#W；#G增加灵动技能对珍兽自己的生效几率（5星套装效果）#W。
28	70500035	20301009	3	-1	-1	-1	-1	100	10000	-1	-1	-1	-1	-1	-1	100	10000	70500036	0	升级后整套的套装效果将提升为：#G身法+66#W；#G命中+1718#W；#G血上限+2434#W；#G增加虚弱技能对目标的生效几率（2星套装效果）#W。
29	70500036	20301009	5	-1	-1	-1	-1	100	20000	-1	-1	-1	-1	-1	-1	100	20000	70500037	1	升级后整套的套装效果将提升为：#G身法+98#W；#G命中+2576#W；#G血上限+3650#W；#G增加虚弱技能对目标的生效几率（3星套装效果）#W。
30	70500037	20301009	7	-1	-1	-1	-1	100	30000	-1	-1	-1	-1	-1	-1	100	30000	70500038	1	升级后整套的套装效果将提升为：#G身法+132#W；#G命中+3434#W；#G血上限+4868#W；#G增加虚弱技能对目标的生效几率（4星套装效果）#W。
31	70500038	20301009	11	-1	-1	-1	-1	100	40000	-1	-1	-1	-1	-1	-1	100	40000	70500039	1	升级后整套的套装效果将提升为：#G身法+164#W；#G命中+4292#W；#G血上限+6084#W；#G增加虚弱技能对目标的生效几率（5星套装效果）#W。
32	70500040	20301009	3	-1	-1	-1	-1	100	10000	-1	-1	-1	-1	-1	-1	100	10000	70500041	0	升级后整套的套装效果将提升为：#G命中+1718#W；#G身法+66#W；#G血上限+2434#W；#G增加虚弱技能对目标的生效几率（2星套装效果）#W。
33	70500041	20301009	5	-1	-1	-1	-1	100	20000	-1	-1	-1	-1	-1	-1	100	20000	70500042	1	升级后整套的套装效果将提升为：#G命中+2576#W；#G身法+98#W；#G血上限+3650#W；#G增加虚弱技能对目标的生效几率（3星套装效果）#W。
34	70500042	20301009	7	-1	-1	-1	-1	100	30000	-1	-1	-1	-1	-1	-1	100	30000	70500043	1	升级后整套的套装效果将提升为：#G命中+3434#W；#G身法+132#W；#G血上限+4868#W；#G增加虚弱技能对目标的生效几率（4星套装效果）#W。
35	70500043	20301009	11	-1	-1	-1	-1	100	40000	-1	-1	-1	-1	-1	-1	100	40000	70500044	1	升级后整套的套装效果将提升为：#G命中+4292#W；#G身法+164#W；#G血上限+6084#W；#G增加虚弱技能对目标的生效几率（5星套装效果）#W。
36	70500045	20301009	16	-1	-1	-1	-1	100	10000	-1	-1	-1	-1	-1	-1	100	10000	70500046	0	升级后整套的套装效果将提升为：#G外功攻击+1496#W；#G命中+1930#W；#G力量+74#W；#G增加猛击技能的释放几率（2星套装效果）#W。
37	70500046	20301009	18	-1	-1	-1	-1	100	20000	-1	-1	-1	-1	-1	-1	100	20000	70500047	1	升级后整套的套装效果将提升为：#G外功攻击+2244#W；#G命中+2894#W；#G力量+110#W；#G增加猛击技能的释放几率（3星套装效果）#W。
38	70500047	20301009	20	-1	-1	-1	-1	100	30000	-1	-1	-1	-1	-1	-1	100	30000	70500048	1	升级后整套的套装效果将提升为：#G外功攻击+2990#W；#G命中+3858#W；#G力量+148#W；#G增加猛击技能的释放几率（4星套装效果）#W。
39	70500048	20301009	24	-1	-1	-1	-1	100	40000	-1	-1	-1	-1	-1	-1	100	40000	70500049	1	升级后整套的套装效果将提升为：#G外功攻击+3738#W；#G命中+4822#W；#G力量+184#W；#G增加猛击技能的释放几率（5星套装效果）#W。
40	70500050	20301009	16	-1	-1	-1	-1	100	10000	-1	-1	-1	-1	-1	-1	100	10000	70500051	0	升级后整套的套装效果将提升为：#G命中+1930#W；#G血上限+2746#W；#G力量+74#W；#G增加反震技能对目标的生效几率（2星套装效果）#W。
41	70500051	20301009	18	-1	-1	-1	-1	100	20000	-1	-1	-1	-1	-1	-1	100	20000	70500052	1	升级后整套的套装效果将提升为：#G命中+2894#W；#G血上限+4118#W；#G力量+110#W；#G增加反震技能对目标的生效几率（3星套装效果）#W。
42	70500052	20301009	20	-1	-1	-1	-1	100	30000	-1	-1	-1	-1	-1	-1	100	30000	70500053	1	升级后整套的套装效果将提升为：#G命中+3858#W；#G血上限+5490#W；#G力量+148#W；#G增加反震技能对目标的生效几率（4星套装效果）#W。
43	70500053	20301009	24	-1	-1	-1	-1	100	40000	-1	-1	-1	-1	-1	-1	100	40000	70500054	1	升级后整套的套装效果将提升为：#G命中+4822#W；#G血上限+6862#W；#G力量+184#W；#G增加反震技能对目标的生效几率（5星套装效果）#W。
44	70500055	20301009	16	-1	-1	-1	-1	100	10000	-1	-1	-1	-1	-1	-1	100	10000	70500056	0	升级后整套的套装效果将提升为：#G命中+1930#W；#G血上限+2746#W；#G力量+74#W；#G增加吸气技能对目标的生效几率（2星套装效果）#W。
45	70500056	20301009	18	-1	-1	-1	-1	100	20000	-1	-1	-1	-1	-1	-1	100	20000	70500057	1	升级后整套的套装效果将提升为：#G命中+2894#W；#G血上限+4118#W；#G力量+110#W；#G增加吸气技能对目标的生效几率（3星套装效果）#W。
46	70500057	20301009	20	-1	-1	-1	-1	100	30000	-1	-1	-1	-1	-1	-1	100	30000	70500058	1	升级后整套的套装效果将提升为：#G命中+3858#W；#G血上限+5490#W；#G力量+148#W；#G增加吸气技能对目标的生效几率（4星套装效果）#W。
47	70500058	20301009	24	-1	-1	-1	-1	100	40000	-1	-1	-1	-1	-1	-1	100	40000	70500059	1	升级后整套的套装效果将提升为：#G命中+4822#W；#G血上限+6862#W；#G力量+184#W；#G增加吸气技能对目标的生效几率（5星套装效果）#W。
48	70500060	20301009	16	-1	-1	-1	-1	100	10000	-1	-1	-1	-1	-1	-1	100	10000	70500061	0	升级后整套的套装效果将提升为：#G内功攻击+1496#W；#G命中+1930#W；#G灵气+74#W；#G痛击技能释放时额外增加内功攻击（2星套装效果）#W。
49	70500061	20301009	18	-1	-1	-1	-1	100	20000	-1	-1	-1	-1	-1	-1	100	20000	70500062	1	升级后整套的套装效果将提升为：#G内功攻击+2244#W；#G命中+2894#W；#G灵气+110#W；#G痛击技能释放时额外增加内功攻击（3星套装效果）#W。
50	70500062	20301009	20	-1	-1	-1	-1	100	30000	-1	-1	-1	-1	-1	-1	100	30000	70500063	1	升级后整套的套装效果将提升为：#G内功攻击+2990#W；#G命中+3858#W；#G灵气+148#W；#G痛击技能释放时额外增加内功攻击（4星套装效果）#W。
51	70500063	20301009	24	-1	-1	-1	-1	100	40000	-1	-1	-1	-1	-1	-1	100	40000	70500064	1	升级后整套的套装效果将提升为：#G内功攻击+3738#W；#G命中+4822#W；#G灵气+184#W；#G痛击技能释放时额外增加内功攻击（5星套装效果）#W。
52	70500065	20301009	16	-1	-1	-1	-1	100	10000	-1	-1	-1	-1	-1	-1	100	10000	70500066	0	升级后整套的套装效果将提升为：#G命中+1930#W；#G血上限+2746#W；#G灵气+74#W；#G增加反震技能对目标的生效几率（2星套装效果）#W。
53	70500066	20301009	18	-1	-1	-1	-1	100	20000	-1	-1	-1	-1	-1	-1	100	20000	70500067	1	升级后整套的套装效果将提升为：#G命中+2894#W；#G血上限+4118#W；#G灵气+110#W；#G增加反震技能对目标的生效几率（3星套装效果）#W。
54	70500067	20301009	20	-1	-1	-1	-1	100	30000	-1	-1	-1	-1	-1	-1	100	30000	70500068	1	升级后整套的套装效果将提升为：#G命中+3858#W；#G血上限+5490#W；#G灵气+148#W；#G增加反震技能对目标的生效几率（4星套装效果）#W。
55	70500068	20301009	24	-1	-1	-1	-1	100	40000	-1	-1	-1	-1	-1	-1	100	40000	70500069	1	升级后整套的套装效果将提升为：#G命中+4822#W；#G血上限+6862#W；#G灵气+184#W；#G增加反震技能对目标的生效几率（5星套装效果）#W。
56	70500070	20301009	16	-1	-1	-1	-1	100	10000	-1	-1	-1	-1	-1	-1	100	10000	70500071	0	升级后整套的套装效果将提升为：#G命中+1930#W；#G血上限+2746#W；#G灵气+74#W；#G增加吸气技能对目标的生效几率（2星套装效果）#W。
57	70500071	20301009	18	-1	-1	-1	-1	100	20000	-1	-1	-1	-1	-1	-1	100	20000	70500072	1	升级后整套的套装效果将提升为：#G命中+2894#W；#G血上限+4118#W；#G灵气+110#W；#G增加吸气技能对目标的生效几率（3星套装效果）#W。
58	70500072	20301009	20	-1	-1	-1	-1	100	30000	-1	-1	-1	-1	-1	-1	100	30000	70500073	1	升级后整套的套装效果将提升为：#G命中+3858#W；#G血上限+5490#W；#G灵气+148#W；#G增加吸气技能对目标的生效几率（4星套装效果）#W。
59	70500073	20301009	24	-1	-1	-1	-1	100	40000	-1	-1	-1	-1	-1	-1	100	40000	70500074	1	升级后整套的套装效果将提升为：#G命中+4822#W；#G血上限+6862#W；#G灵气+184#W；#G增加吸气技能对目标的生效几率（5星套装效果）#W。
60	70500075	20301009	16	-1	-1	-1	-1	100	10000	-1	-1	-1	-1	-1	-1	100	10000	70500076	0	升级后整套的套装效果将提升为：#G外功防御+1476#W；#G内功防御+1476#W；#G血上限+2746#W；#G增加忠心技能对玩家的生效几率（2星套装效果）#W。
61	70500076	20301009	18	-1	-1	-1	-1	100	20000	-1	-1	-1	-1	-1	-1	100	20000	70500077	1	升级后整套的套装效果将提升为：#G外功防御+2214#W；#G内功防御+2214#W；#G血上限+4118#W；#G增加忠心技能对玩家的生效几率（3星套装效果）#W。
62	70500077	20301009	20	-1	-1	-1	-1	100	30000	-1	-1	-1	-1	-1	-1	100	30000	70500078	1	升级后整套的套装效果将提升为：#G外功防御+2952#W；#G内功防御+2952#W；#G血上限+5490#W；#G增加忠心技能对玩家的生效几率（4星套装效果）#W。
63	70500078	20301009	24	-1	-1	-1	-1	100	40000	-1	-1	-1	-1	-1	-1	100	40000	70500079	1	升级后整套的套装效果将提升为：#G外功防御+3690#W；#G内功防御+3690#W；#G血上限+6862#W；#G增加忠心技能对玩家的生效几率（5星套装效果）#W。
64	70500080	20301009	16	-1	-1	-1	-1	100	10000	-1	-1	-1	-1	-1	-1	100	10000	70500081	0	升级后整套的套装效果将提升为：#G身法+74#W；#G命中+1930#W；#G血上限+2746#W；#G增加吸气技能对目标的生效几率（2星套装效果）#W。
65	70500081	20301009	18	-1	-1	-1	-1	100	20000	-1	-1	-1	-1	-1	-1	100	20000	70500082	1	升级后整套的套装效果将提升为：#G身法+110#W；#G命中+2894#W；#G血上限+4118#W；#G增加吸气技能对目标的生效几率（3星套装效果）#W。
66	70500082	20301009	20	-1	-1	-1	-1	100	30000	-1	-1	-1	-1	-1	-1	100	30000	70500083	1	升级后整套的套装效果将提升为：#G身法+148#W；#G命中+3858#W；#G血上限+5490#W；#G增加吸气技能对目标的生效几率（4星套装效果）#W。
67	70500083	20301009	24	-1	-1	-1	-1	100	40000	-1	-1	-1	-1	-1	-1	100	40000	70500084	1	升级后整套的套装效果将提升为：#G身法+184#W；#G命中+4822#W；#G血上限+6862#W；#G增加吸气技能对目标的生效几率（5星套装效果）#W。
68	70500085	20301009	16	-1	-1	-1	-1	100	10000	-1	-1	-1	-1	-1	-1	100	10000	70500086	0	升级后整套的套装效果将提升为：#G命中+1930#W；#G身法+74#W；#G血上限+2746#W；#G增加吸气技能对目标的生效几率（2星套装效果）#W。
69	70500086	20301009	18	-1	-1	-1	-1	100	20000	-1	-1	-1	-1	-1	-1	100	20000	70500087	1	升级后整套的套装效果将提升为：#G命中+2894#W；#G身法+110#W；#G血上限+4118#W；#G增加吸气技能对目标的生效几率（3星套装效果）#W。
70	70500087	20301009	20	-1	-1	-1	-1	100	30000	-1	-1	-1	-1	-1	-1	100	30000	70500088	1	升级后整套的套装效果将提升为：#G命中+3858#W；#G身法+148#W；#G血上限+5490#W；#G增加吸气技能对目标的生效几率（4星套装效果）#W。
71	70500088	20301009	24	-1	-1	-1	-1	100	40000	-1	-1	-1	-1	-1	-1	100	40000	70500089	1	升级后整套的套装效果将提升为：#G命中+4822#W；#G身法+184#W；#G血上限+6862#W；#G增加吸气技能对目标的生效几率（5星套装效果）#W。
72	70500090	20301009	36	-1	-1	-1	-1	100	10000	-1	-1	-1	-1	-1	-1	100	10000	70500091	0	升级后整套的套装效果将提升为：#G外功攻击+1664#W；#G命中+2142#W；#G力量+82#W；#G增加连击技能的释放几率（2星套装效果）#W。
73	70500091	20301009	43	-1	-1	-1	-1	100	20000	-1	-1	-1	-1	-1	-1	100	20000	70500092	1	升级后整套的套装效果将提升为：#G外功攻击+2496#W；#G命中+3212#W；#G力量+122#W；#G增加连击技能的释放几率（3星套装效果）#W。
74	70500092	20301009	50	-1	-1	-1	-1	100	30000	-1	-1	-1	-1	-1	-1	100	30000	70500093	1	升级后整套的套装效果将提升为：#G外功攻击+3326#W；#G命中+4282#W；#G力量+164#W；#G增加连击技能的释放几率（4星套装效果）#W。
75	70500093	20301009	56	-1	-1	-1	-1	100	40000	-1	-1	-1	-1	-1	-1	100	40000	70500094	1	升级后整套的套装效果将提升为：#G外功攻击+4158#W；#G命中+5352#W；#G力量+204#W；#G增加连击技能的释放几率（5星套装效果）#W。
76	70500095	20301009	36	-1	-1	-1	-1	100	10000	-1	-1	-1	-1	-1	-1	100	10000	70500096	0	升级后整套的套装效果将提升为：#G命中+2142#W；#G血上限+3056#W；#G力量+82#W；#G增加反击技能对目标的生效几率（2星套装效果）#W。
77	70500096	20301009	43	-1	-1	-1	-1	100	20000	-1	-1	-1	-1	-1	-1	100	20000	70500097	1	升级后整套的套装效果将提升为：#G命中+3212#W；#G血上限+4584#W；#G力量+122#W；#G增加反击技能对目标的生效几率（3星套装效果）#W。
78	70500097	20301009	50	-1	-1	-1	-1	100	30000	-1	-1	-1	-1	-1	-1	100	30000	70500098	1	升级后整套的套装效果将提升为：#G命中+4282#W；#G血上限+6112#W；#G力量+164#W；#G增加反击技能对目标的生效几率（4星套装效果）#W。
79	70500098	20301009	56	-1	-1	-1	-1	100	40000	-1	-1	-1	-1	-1	-1	100	40000	70500099	1	升级后整套的套装效果将提升为：#G命中+5352#W；#G血上限+7640#W；#G力量+204#W；#G增加反击技能对目标的生效几率（5星套装效果）#W。
80	70500100	20301009	36	-1	-1	-1	-1	100	10000	-1	-1	-1	-1	-1	-1	100	10000	70500101	0	升级后整套的套装效果将提升为：#G命中+2142#W；#G血上限+3056#W；#G力量+82#W；#G增加打怒技能对目标的生效几率（2星套装效果）#W。
81	70500101	20301009	43	-1	-1	-1	-1	100	20000	-1	-1	-1	-1	-1	-1	100	20000	70500102	1	升级后整套的套装效果将提升为：#G命中+3212#W；#G血上限+4584#W；#G力量+122#W；#G增加打怒技能对目标的生效几率（3星套装效果）#W。
82	70500102	20301009	50	-1	-1	-1	-1	100	30000	-1	-1	-1	-1	-1	-1	100	30000	70500103	1	升级后整套的套装效果将提升为：#G命中+4282#W；#G血上限+6112#W；#G力量+164#W；#G增加打怒技能对目标的生效几率（4星套装效果）#W。
83	70500103	20301009	56	-1	-1	-1	-1	100	40000	-1	-1	-1	-1	-1	-1	100	40000	70500104	1	升级后整套的套装效果将提升为：#G命中+5352#W；#G血上限+7640#W；#G力量+204#W；#G增加打怒技能对目标的生效几率（5星套装效果）#W。
84	70500105	20301009	36	-1	-1	-1	-1	100	10000	-1	-1	-1	-1	-1	-1	100	10000	70500106	0	升级后整套的套装效果将提升为：#G内功攻击+1664#W；#G命中+2142#W；#G灵气+82#W；#G增加烈火咒、玄雷咒、血毒咒、寒冰咒技能的释放几率（2星套装效果）#W。
85	70500106	20301009	43	-1	-1	-1	-1	100	20000	-1	-1	-1	-1	-1	-1	100	20000	70500107	1	升级后整套的套装效果将提升为：#G内功攻击+2496#W；#G命中+3212#W；#G灵气+122#W；#G增加烈火咒、玄雷咒、血毒咒、寒冰咒技能的释放几率（3星套装效果）#W。
86	70500107	20301009	50	-1	-1	-1	-1	100	30000	-1	-1	-1	-1	-1	-1	100	30000	70500108	1	升级后整套的套装效果将提升为：#G内功攻击+3326#W；#G命中+4282#W；#G灵气+164#W；#G增加烈火咒、玄雷咒、血毒咒、寒冰咒技能的释放几率（4星套装效果）#W。
87	70500108	20301009	56	-1	-1	-1	-1	100	40000	-1	-1	-1	-1	-1	-1	100	40000	70500109	1	升级后整套的套装效果将提升为：#G内功攻击+4158#W；#G命中+5352#W；#G灵气+204#W；#G增加烈火咒、玄雷咒、血毒咒、寒冰咒技能的释放几率（5星套装效果）#W。
88	70500110	20301009	36	-1	-1	-1	-1	100	10000	-1	-1	-1	-1	-1	-1	100	10000	70500111	0	升级后整套的套装效果将提升为：#G命中+2142#W；#G血上限+3056#W；#G灵气+82#W；#G增加反击技能对目标的生效几率（2星套装效果）#W。
89	70500111	20301009	43	-1	-1	-1	-1	100	20000	-1	-1	-1	-1	-1	-1	100	20000	70500112	1	升级后整套的套装效果将提升为：#G命中+3212#W；#G血上限+4584#W；#G灵气+122#W；#G增加反击技能对目标的生效几率（3星套装效果）#W。
90	70500112	20301009	50	-1	-1	-1	-1	100	30000	-1	-1	-1	-1	-1	-1	100	30000	70500113	1	升级后整套的套装效果将提升为：#G命中+4282#W；#G血上限+6112#W；#G灵气+164#W；#G增加反击技能对目标的生效几率（4星套装效果）#W。
91	70500113	20301009	56	-1	-1	-1	-1	100	40000	-1	-1	-1	-1	-1	-1	100	40000	70500114	1	升级后整套的套装效果将提升为：#G命中+5352#W；#G血上限+7640#W；#G灵气+204#W；#G增加反击技能对目标的生效几率（5星套装效果）#W。
92	70500115	20301009	36	-1	-1	-1	-1	100	10000	-1	-1	-1	-1	-1	-1	100	10000	70500116	0	升级后整套的套装效果将提升为：#G命中+2142#W；#G血上限+3056#W；#G灵气+82#W；#G增加打怒技能对目标的生效几率（2星套装效果）#W。
93	70500116	20301009	43	-1	-1	-1	-1	100	20000	-1	-1	-1	-1	-1	-1	100	20000	70500117	1	升级后整套的套装效果将提升为：#G命中+3212#W；#G血上限+4584#W；#G灵气+122#W；#G增加打怒技能对目标的生效几率（3星套装效果）#W。
94	70500117	20301009	50	-1	-1	-1	-1	100	30000	-1	-1	-1	-1	-1	-1	100	30000	70500118	1	升级后整套的套装效果将提升为：#G命中+4282#W；#G血上限+6112#W；#G灵气+164#W；#G增加打怒技能对目标的生效几率（4星套装效果）#W。
95	70500118	20301009	56	-1	-1	-1	-1	100	40000	-1	-1	-1	-1	-1	-1	100	40000	70500119	1	升级后整套的套装效果将提升为：#G命中+5352#W；#G血上限+7640#W；#G灵气+204#W；#G增加打怒技能对目标的生效几率（5星套装效果）#W。
96	70500120	20301009	36	-1	-1	-1	-1	100	10000	-1	-1	-1	-1	-1	-1	100	10000	70500121	0	升级后整套的套装效果将提升为：#G外功防御+1642#W；#G内功防御+1642#W；#G血上限+3056#W；#G增加灵气技能对玩家的生效几率（2星套装效果）#W。
97	70500121	20301009	43	-1	-1	-1	-1	100	20000	-1	-1	-1	-1	-1	-1	100	20000	70500122	1	升级后整套的套装效果将提升为：#G外功防御+2464#W；#G内功防御+2464#W；#G血上限+4584#W；#G增加灵气技能对玩家的生效几率（3星套装效果）#W。
98	70500122	20301009	50	-1	-1	-1	-1	100	30000	-1	-1	-1	-1	-1	-1	100	30000	70500123	1	升级后整套的套装效果将提升为：#G外功防御+3284#W；#G内功防御+3284#W；#G血上限+6112#W；#G增加灵气技能对玩家的生效几率（4星套装效果）#W。
99	70500123	20301009	56	-1	-1	-1	-1	100	40000	-1	-1	-1	-1	-1	-1	100	40000	70500124	1	升级后整套的套装效果将提升为：#G外功防御+4106#W；#G内功防御+4106#W；#G血上限+7640#W；#G增加灵气技能对玩家的生效几率（5星套装效果）#W。
100	70500125	20301009	36	-1	-1	-1	-1	100	10000	-1	-1	-1	-1	-1	-1	100	10000	70500126	0	升级后整套的套装效果将提升为：#G身法+82#W；#G命中+2142#W；#G血上限+3056#W；#G增加打怒技能对目标的生效几率（2星套装效果）#W。
101	70500126	20301009	43	-1	-1	-1	-1	100	20000	-1	-1	-1	-1	-1	-1	100	20000	70500127	1	升级后整套的套装效果将提升为：#G身法+122#W；#G命中+3212#W；#G血上限+4584#W；#G增加打怒技能对目标的生效几率（3星套装效果）#W。
102	70500127	20301009	50	-1	-1	-1	-1	100	30000	-1	-1	-1	-1	-1	-1	100	30000	70500128	1	升级后整套的套装效果将提升为：#G身法+164#W；#G命中+4282#W；#G血上限+6112#W；#G增加打怒技能对目标的生效几率（4星套装效果）#W。
103	70500128	20301009	56	-1	-1	-1	-1	100	40000	-1	-1	-1	-1	-1	-1	100	40000	70500129	1	升级后整套的套装效果将提升为：#G身法+204#W；#G命中+5352#W；#G血上限+7640#W；#G增加打怒技能对目标的生效几率（5星套装效果）#W。
104	70500130	20301009	36	-1	-1	-1	-1	100	10000	-1	-1	-1	-1	-1	-1	100	10000	70500131	0	升级后整套的套装效果将提升为：#G命中+2142#W；#G身法+82#W；#G血上限+3056#W；#G增加打怒技能对目标的生效几率（2星套装效果）#W。
105	70500131	20301009	43	-1	-1	-1	-1	100	20000	-1	-1	-1	-1	-1	-1	100	20000	70500132	1	升级后整套的套装效果将提升为：#G命中+3212#W；#G身法+122#W；#G血上限+4584#W；#G增加打怒技能对目标的生效几率（3星套装效果）#W。
106	70500132	20301009	50	-1	-1	-1	-1	100	30000	-1	-1	-1	-1	-1	-1	100	30000	70500133	1	升级后整套的套装效果将提升为：#G命中+4282#W；#G身法+164#W；#G血上限+6112#W；#G增加打怒技能对目标的生效几率（4星套装效果）#W。
107	70500133	20301009	56	-1	-1	-1	-1	100	40000	-1	-1	-1	-1	-1	-1	100	40000	70500134	1	升级后整套的套装效果将提升为：#G命中+5352#W；#G身法+204#W；#G血上限+7640#W；#G增加打怒技能对目标的生效几率（5星套装效果）#W。
108	70501000	20301009	3	-1	-1	-1	-1	100	10000	-1	-1	-1	-1	-1	-1	100	10000	70501001	0	升级后整套的套装效果将提升为：#G外功攻击+1328#W；#G命中+1718#W；#G力量+66#W；#G猛击技能释放时额外增加外功攻击（2星套装效果）#W。
109	70501001	20301009	5	-1	-1	-1	-1	100	20000	-1	-1	-1	-1	-1	-1	100	20000	70501002	1	升级后整套的套装效果将提升为：#G外功攻击+1992#W；#G命中+2576#W；#G力量+98#W；#G猛击技能释放时额外增加外功攻击（3星套装效果）#W。
110	70501002	20301009	7	-1	-1	-1	-1	100	30000	-1	-1	-1	-1	-1	-1	100	30000	70501003	1	升级后整套的套装效果将提升为：#G外功攻击+2654#W；#G命中+3434#W；#G力量+132#W；#G猛击技能释放时额外增加外功攻击（4星套装效果）#W。
111	70501003	20301009	11	-1	-1	-1	-1	100	40000	-1	-1	-1	-1	-1	-1	100	40000	70501004	1	升级后整套的套装效果将提升为：#G外功攻击+3318#W；#G命中+4292#W；#G力量+164#W；#G猛击技能释放时额外增加外功攻击（5星套装效果）#W。
112	70501005	20301009	3	-1	-1	-1	-1	100	10000	-1	-1	-1	-1	-1	-1	100	10000	70501006	0	升级后整套的套装效果将提升为：#G命中+1718#W；#G血上限+2434#W；#G力量+66#W；#G增加摔绊技能对目标的生效几率（2星套装效果）#W。
113	70501006	20301009	5	-1	-1	-1	-1	100	20000	-1	-1	-1	-1	-1	-1	100	20000	70501007	1	升级后整套的套装效果将提升为：#G命中+2576#W；#G血上限+3650#W；#G力量+98#W；#G增加摔绊技能对目标的生效几率（3星套装效果）#W。
114	70501007	20301009	7	-1	-1	-1	-1	100	30000	-1	-1	-1	-1	-1	-1	100	30000	70501008	1	升级后整套的套装效果将提升为：#G命中+3434#W；#G血上限+4868#W；#G力量+132#W；#G增加摔绊技能对目标的生效几率（4星套装效果）#W。
115	70501008	20301009	11	-1	-1	-1	-1	100	40000	-1	-1	-1	-1	-1	-1	100	40000	70501009	1	升级后整套的套装效果将提升为：#G命中+4292#W；#G血上限+6084#W；#G力量+164#W；#G增加摔绊技能对目标的生效几率（5星套装效果）#W。
116	70501010	20301009	3	-1	-1	-1	-1	100	10000	-1	-1	-1	-1	-1	-1	100	10000	70501011	0	升级后整套的套装效果将提升为：#G命中+1718#W；#G血上限+2434#W；#G力量+66#W；#G增加虚弱技能对目标的生效几率（2星套装效果）#W。
117	70501011	20301009	5	-1	-1	-1	-1	100	20000	-1	-1	-1	-1	-1	-1	100	20000	70501012	1	升级后整套的套装效果将提升为：#G命中+2576#W；#G血上限+3650#W；#G力量+98#W；#G增加虚弱技能对目标的生效几率（3星套装效果）#W。
118	70501012	20301009	7	-1	-1	-1	-1	100	30000	-1	-1	-1	-1	-1	-1	100	30000	70501013	1	升级后整套的套装效果将提升为：#G命中+3434#W；#G血上限+4868#W；#G力量+132#W；#G增加虚弱技能对目标的生效几率（4星套装效果）#W。
119	70501013	20301009	11	-1	-1	-1	-1	100	40000	-1	-1	-1	-1	-1	-1	100	40000	70501014	1	升级后整套的套装效果将提升为：#G命中+4292#W；#G血上限+6084#W；#G力量+164#W；#G增加虚弱技能对目标的生效几率（5星套装效果）#W。
120	70501015	20301009	3	-1	-1	-1	-1	100	10000	-1	-1	-1	-1	-1	-1	100	10000	70501016	0	升级后整套的套装效果将提升为：#G内功攻击+1328#W；#G命中+1718#W；#G灵气+66#W；#G烈火咒、玄雷咒、血毒咒、寒冰咒释放时额外增加对应的属性攻击（2星套装效果）#W。
121	70501016	20301009	5	-1	-1	-1	-1	100	20000	-1	-1	-1	-1	-1	-1	100	20000	70501017	1	升级后整套的套装效果将提升为：#G内功攻击+1992#W；#G命中+2576#W；#G灵气+98#W；#G烈火咒、玄雷咒、血毒咒、寒冰咒释放时额外增加对应的属性攻击（3星套装效果）#W。
122	70501017	20301009	7	-1	-1	-1	-1	100	30000	-1	-1	-1	-1	-1	-1	100	30000	70501018	1	升级后整套的套装效果将提升为：#G内功攻击+2654#W；#G命中+3434#W；#G灵气+132#W；#G烈火咒、玄雷咒、血毒咒、寒冰咒释放时额外增加对应的属性攻击（4星套装效果）#W。
123	70501018	20301009	11	-1	-1	-1	-1	100	40000	-1	-1	-1	-1	-1	-1	100	40000	70501019	1	升级后整套的套装效果将提升为：#G内功攻击+3318#W；#G命中+4292#W；#G灵气+164#W；#G烈火咒、玄雷咒、血毒咒、寒冰咒释放时额外增加对应的属性攻击（5星套装效果）#W。
124	70501020	20301009	3	-1	-1	-1	-1	100	10000	-1	-1	-1	-1	-1	-1	100	10000	70501021	0	升级后整套的套装效果将提升为：#G命中+1718#W；#G血上限+2434#W；#G灵气+66#W；#G增加摔绊技能对目标的生效几率（2星套装效果）#W。
125	70501021	20301009	5	-1	-1	-1	-1	100	20000	-1	-1	-1	-1	-1	-1	100	20000	70501022	1	升级后整套的套装效果将提升为：#G命中+2576#W；#G血上限+3650#W；#G灵气+98#W；#G增加摔绊技能对目标的生效几率（3星套装效果）#W。
126	70501022	20301009	7	-1	-1	-1	-1	100	30000	-1	-1	-1	-1	-1	-1	100	30000	70501023	1	升级后整套的套装效果将提升为：#G命中+3434#W；#G血上限+4868#W；#G灵气+132#W；#G增加摔绊技能对目标的生效几率（4星套装效果）#W。
127	70501023	20301009	11	-1	-1	-1	-1	100	40000	-1	-1	-1	-1	-1	-1	100	40000	70501024	1	升级后整套的套装效果将提升为：#G命中+4292#W；#G血上限+6084#W；#G灵气+164#W；#G增加摔绊技能对目标的生效几率（5星套装效果）#W。
128	70501025	20301009	3	-1	-1	-1	-1	100	10000	-1	-1	-1	-1	-1	-1	100	10000	70501026	0	升级后整套的套装效果将提升为：#G命中+1718#W；#G血上限+2434#W；#G灵气+66#W；#G增加虚弱技能对目标的生效几率（2星套装效果）#W。
129	70501026	20301009	5	-1	-1	-1	-1	100	20000	-1	-1	-1	-1	-1	-1	100	20000	70501027	1	升级后整套的套装效果将提升为：#G命中+2576#W；#G血上限+3650#W；#G灵气+98#W；#G增加虚弱技能对目标的生效几率（3星套装效果）#W。
130	70501027	20301009	7	-1	-1	-1	-1	100	30000	-1	-1	-1	-1	-1	-1	100	30000	70501028	1	升级后整套的套装效果将提升为：#G命中+3434#W；#G血上限+4868#W；#G灵气+132#W；#G增加虚弱技能对目标的生效几率（4星套装效果）#W。
131	70501028	20301009	11	-1	-1	-1	-1	100	40000	-1	-1	-1	-1	-1	-1	100	40000	70501029	1	升级后整套的套装效果将提升为：#G命中+4292#W；#G血上限+6084#W；#G灵气+164#W；#G增加虚弱技能对目标的生效几率（5星套装效果）#W。
132	70501030	20301009	3	-1	-1	-1	-1	100	10000	-1	-1	-1	-1	-1	-1	100	10000	70501031	0	升级后整套的套装效果将提升为：#G外功防御+1312#W；#G内功防御+1312#W；#G血上限+2434#W；#G增加灵动技能对珍兽自己的生效几率（2星套装效果）#W。
133	70501031	20301009	5	-1	-1	-1	-1	100	20000	-1	-1	-1	-1	-1	-1	100	20000	70501032	1	升级后整套的套装效果将提升为：#G外功防御+1966#W；#G内功防御+1966#W；#G血上限+3650#W；#G增加灵动技能对珍兽自己的生效几率（3星套装效果）#W。
134	70501032	20301009	7	-1	-1	-1	-1	100	30000	-1	-1	-1	-1	-1	-1	100	30000	70501033	1	升级后整套的套装效果将提升为：#G外功防御+2622#W；#G内功防御+2622#W；#G血上限+4868#W；#G增加灵动技能对珍兽自己的生效几率（4星套装效果）#W。
135	70501033	20301009	11	-1	-1	-1	-1	100	40000	-1	-1	-1	-1	-1	-1	100	40000	70501034	1	升级后整套的套装效果将提升为：#G外功防御+3276#W；#G内功防御+3276#W；#G血上限+6084#W；#G增加灵动技能对珍兽自己的生效几率（5星套装效果）#W。
136	70501035	20301009	3	-1	-1	-1	-1	100	10000	-1	-1	-1	-1	-1	-1	100	10000	70501036	0	升级后整套的套装效果将提升为：#G身法+66#W；#G命中+1718#W；#G血上限+2434#W；#G增加虚弱技能对目标的生效几率（2星套装效果）#W。
137	70501036	20301009	5	-1	-1	-1	-1	100	20000	-1	-1	-1	-1	-1	-1	100	20000	70501037	1	升级后整套的套装效果将提升为：#G身法+98#W；#G命中+2576#W；#G血上限+3650#W；#G增加虚弱技能对目标的生效几率（3星套装效果）#W。
138	70501037	20301009	7	-1	-1	-1	-1	100	30000	-1	-1	-1	-1	-1	-1	100	30000	70501038	1	升级后整套的套装效果将提升为：#G身法+132#W；#G命中+3434#W；#G血上限+4868#W；#G增加虚弱技能对目标的生效几率（4星套装效果）#W。
139	70501038	20301009	11	-1	-1	-1	-1	100	40000	-1	-1	-1	-1	-1	-1	100	40000	70501039	1	升级后整套的套装效果将提升为：#G身法+164#W；#G命中+4292#W；#G血上限+6084#W；#G增加虚弱技能对目标的生效几率（5星套装效果）#W。
140	70501040	20301009	3	-1	-1	-1	-1	100	10000	-1	-1	-1	-1	-1	-1	100	10000	70501041	0	升级后整套的套装效果将提升为：#G命中+1718#W；#G身法+66#W；#G血上限+2434#W；#G增加虚弱技能对目标的生效几率（2星套装效果）#W。
141	70501041	20301009	5	-1	-1	-1	-1	100	20000	-1	-1	-1	-1	-1	-1	100	20000	70501042	1	升级后整套的套装效果将提升为：#G命中+2576#W；#G身法+98#W；#G血上限+3650#W；#G增加虚弱技能对目标的生效几率（3星套装效果）#W。
142	70501042	20301009	7	-1	-1	-1	-1	100	30000	-1	-1	-1	-1	-1	-1	100	30000	70501043	1	升级后整套的套装效果将提升为：#G命中+3434#W；#G身法+132#W；#G血上限+4868#W；#G增加虚弱技能对目标的生效几率（4星套装效果）#W。
143	70501043	20301009	11	-1	-1	-1	-1	100	40000	-1	-1	-1	-1	-1	-1	100	40000	70501044	1	升级后整套的套装效果将提升为：#G命中+4292#W；#G身法+164#W；#G血上限+6084#W；#G增加虚弱技能对目标的生效几率（5星套装效果）#W。
144	70501045	20301009	16	-1	-1	-1	-1	100	10000	-1	-1	-1	-1	-1	-1	100	10000	70501046	0	升级后整套的套装效果将提升为：#G外功攻击+1496#W；#G命中+1930#W；#G力量+74#W；#G增加猛击技能的释放几率（2星套装效果）#W。
145	70501046	20301009	18	-1	-1	-1	-1	100	20000	-1	-1	-1	-1	-1	-1	100	20000	70501047	1	升级后整套的套装效果将提升为：#G外功攻击+2244#W；#G命中+2894#W；#G力量+110#W；#G增加猛击技能的释放几率（3星套装效果）#W。
146	70501047	20301009	20	-1	-1	-1	-1	100	30000	-1	-1	-1	-1	-1	-1	100	30000	70501048	1	升级后整套的套装效果将提升为：#G外功攻击+2990#W；#G命中+3858#W；#G力量+148#W；#G增加猛击技能的释放几率（4星套装效果）#W。
147	70501048	20301009	24	-1	-1	-1	-1	100	40000	-1	-1	-1	-1	-1	-1	100	40000	70501049	1	升级后整套的套装效果将提升为：#G外功攻击+3738#W；#G命中+4822#W；#G力量+184#W；#G增加猛击技能的释放几率（5星套装效果）#W。
148	70501050	20301009	16	-1	-1	-1	-1	100	10000	-1	-1	-1	-1	-1	-1	100	10000	70501051	0	升级后整套的套装效果将提升为：#G命中+1930#W；#G血上限+2746#W；#G力量+74#W；#G增加反震技能对目标的生效几率（2星套装效果）#W。
149	70501051	20301009	18	-1	-1	-1	-1	100	20000	-1	-1	-1	-1	-1	-1	100	20000	70501052	1	升级后整套的套装效果将提升为：#G命中+2894#W；#G血上限+4118#W；#G力量+110#W；#G增加反震技能对目标的生效几率（3星套装效果）#W。
150	70501052	20301009	20	-1	-1	-1	-1	100	30000	-1	-1	-1	-1	-1	-1	100	30000	70501053	1	升级后整套的套装效果将提升为：#G命中+3858#W；#G血上限+5490#W；#G力量+148#W；#G增加反震技能对目标的生效几率（4星套装效果）#W。
151	70501053	20301009	24	-1	-1	-1	-1	100	40000	-1	-1	-1	-1	-1	-1	100	40000	70501054	1	升级后整套的套装效果将提升为：#G命中+4822#W；#G血上限+6862#W；#G力量+184#W；#G增加反震技能对目标的生效几率（5星套装效果）#W。
152	70501055	20301009	16	-1	-1	-1	-1	100	10000	-1	-1	-1	-1	-1	-1	100	10000	70501056	0	升级后整套的套装效果将提升为：#G命中+1930#W；#G血上限+2746#W；#G力量+74#W；#G增加吸气技能对目标的生效几率（2星套装效果）#W。
153	70501056	20301009	18	-1	-1	-1	-1	100	20000	-1	-1	-1	-1	-1	-1	100	20000	70501057	1	升级后整套的套装效果将提升为：#G命中+2894#W；#G血上限+4118#W；#G力量+110#W；#G增加吸气技能对目标的生效几率（3星套装效果）#W。
154	70501057	20301009	20	-1	-1	-1	-1	100	30000	-1	-1	-1	-1	-1	-1	100	30000	70501058	1	升级后整套的套装效果将提升为：#G命中+3858#W；#G血上限+5490#W；#G力量+148#W；#G增加吸气技能对目标的生效几率（4星套装效果）#W。
155	70501058	20301009	24	-1	-1	-1	-1	100	40000	-1	-1	-1	-1	-1	-1	100	40000	70501059	1	升级后整套的套装效果将提升为：#G命中+4822#W；#G血上限+6862#W；#G力量+184#W；#G增加吸气技能对目标的生效几率（5星套装效果）#W。
156	70501060	20301009	16	-1	-1	-1	-1	100	10000	-1	-1	-1	-1	-1	-1	100	10000	70501061	0	升级后整套的套装效果将提升为：#G内功攻击+1496#W；#G命中+1930#W；#G灵气+74#W；#G痛击技能释放时额外增加内功攻击（2星套装效果）#W。
157	70501061	20301009	18	-1	-1	-1	-1	100	20000	-1	-1	-1	-1	-1	-1	100	20000	70501062	1	升级后整套的套装效果将提升为：#G内功攻击+2244#W；#G命中+2894#W；#G灵气+110#W；#G痛击技能释放时额外增加内功攻击（3星套装效果）#W。
158	70501062	20301009	20	-1	-1	-1	-1	100	30000	-1	-1	-1	-1	-1	-1	100	30000	70501063	1	升级后整套的套装效果将提升为：#G内功攻击+2990#W；#G命中+3858#W；#G灵气+148#W；#G痛击技能释放时额外增加内功攻击（4星套装效果）#W。
159	70501063	20301009	24	-1	-1	-1	-1	100	40000	-1	-1	-1	-1	-1	-1	100	40000	70501064	1	升级后整套的套装效果将提升为：#G内功攻击+3738#W；#G命中+4822#W；#G灵气+184#W；#G痛击技能释放时额外增加内功攻击（5星套装效果）#W。
160	70501065	20301009	16	-1	-1	-1	-1	100	10000	-1	-1	-1	-1	-1	-1	100	10000	70501066	0	升级后整套的套装效果将提升为：#G命中+1930#W；#G血上限+2746#W；#G灵气+74#W；#G增加反震技能对目标的生效几率（2星套装效果）#W。
161	70501066	20301009	18	-1	-1	-1	-1	100	20000	-1	-1	-1	-1	-1	-1	100	20000	70501067	1	升级后整套的套装效果将提升为：#G命中+2894#W；#G血上限+4118#W；#G灵气+110#W；#G增加反震技能对目标的生效几率（3星套装效果）#W。
162	70501067	20301009	20	-1	-1	-1	-1	100	30000	-1	-1	-1	-1	-1	-1	100	30000	70501068	1	升级后整套的套装效果将提升为：#G命中+3858#W；#G血上限+5490#W；#G灵气+148#W；#G增加反震技能对目标的生效几率（4星套装效果）#W。
163	70501068	20301009	24	-1	-1	-1	-1	100	40000	-1	-1	-1	-1	-1	-1	100	40000	70501069	1	升级后整套的套装效果将提升为：#G命中+4822#W；#G血上限+6862#W；#G灵气+184#W；#G增加反震技能对目标的生效几率（5星套装效果）#W。
164	70501070	20301009	16	-1	-1	-1	-1	100	10000	-1	-1	-1	-1	-1	-1	100	10000	70501071	0	升级后整套的套装效果将提升为：#G命中+1930#W；#G血上限+2746#W；#G灵气+74#W；#G增加吸气技能对目标的生效几率（2星套装效果）#W。
165	70501071	20301009	18	-1	-1	-1	-1	100	20000	-1	-1	-1	-1	-1	-1	100	20000	70501072	1	升级后整套的套装效果将提升为：#G命中+2894#W；#G血上限+4118#W；#G灵气+110#W；#G增加吸气技能对目标的生效几率（3星套装效果）#W。
166	70501072	20301009	20	-1	-1	-1	-1	100	30000	-1	-1	-1	-1	-1	-1	100	30000	70501073	1	升级后整套的套装效果将提升为：#G命中+3858#W；#G血上限+5490#W；#G灵气+148#W；#G增加吸气技能对目标的生效几率（4星套装效果）#W。
167	70501073	20301009	24	-1	-1	-1	-1	100	40000	-1	-1	-1	-1	-1	-1	100	40000	70501074	1	升级后整套的套装效果将提升为：#G命中+4822#W；#G血上限+6862#W；#G灵气+184#W；#G增加吸气技能对目标的生效几率（5星套装效果）#W。
168	70501075	20301009	16	-1	-1	-1	-1	100	10000	-1	-1	-1	-1	-1	-1	100	10000	70501076	0	升级后整套的套装效果将提升为：#G外功防御+1476#W；#G内功防御+1476#W；#G血上限+2746#W；#G增加忠心技能对玩家的生效几率（2星套装效果）#W。
169	70501076	20301009	18	-1	-1	-1	-1	100	20000	-1	-1	-1	-1	-1	-1	100	20000	70501077	1	升级后整套的套装效果将提升为：#G外功防御+2214#W；#G内功防御+2214#W；#G血上限+4118#W；#G增加忠心技能对玩家的生效几率（3星套装效果）#W。
170	70501077	20301009	20	-1	-1	-1	-1	100	30000	-1	-1	-1	-1	-1	-1	100	30000	70501078	1	升级后整套的套装效果将提升为：#G外功防御+2952#W；#G内功防御+2952#W；#G血上限+5490#W；#G增加忠心技能对玩家的生效几率（4星套装效果）#W。
171	70501078	20301009	24	-1	-1	-1	-1	100	40000	-1	-1	-1	-1	-1	-1	100	40000	70501079	1	升级后整套的套装效果将提升为：#G外功防御+3690#W；#G内功防御+3690#W；#G血上限+6862#W；#G增加忠心技能对玩家的生效几率（5星套装效果）#W。
172	70501080	20301009	16	-1	-1	-1	-1	100	10000	-1	-1	-1	-1	-1	-1	100	10000	70501081	0	升级后整套的套装效果将提升为：#G身法+74#W；#G命中+1930#W；#G血上限+2746#W；#G增加吸气技能对目标的生效几率（2星套装效果）#W。
173	70501081	20301009	18	-1	-1	-1	-1	100	20000	-1	-1	-1	-1	-1	-1	100	20000	70501082	1	升级后整套的套装效果将提升为：#G身法+110#W；#G命中+2894#W；#G血上限+4118#W；#G增加吸气技能对目标的生效几率（3星套装效果）#W。
174	70501082	20301009	20	-1	-1	-1	-1	100	30000	-1	-1	-1	-1	-1	-1	100	30000	70501083	1	升级后整套的套装效果将提升为：#G身法+148#W；#G命中+3858#W；#G血上限+5490#W；#G增加吸气技能对目标的生效几率（4星套装效果）#W。
175	70501083	20301009	24	-1	-1	-1	-1	100	40000	-1	-1	-1	-1	-1	-1	100	40000	70501084	1	升级后整套的套装效果将提升为：#G身法+184#W；#G命中+4822#W；#G血上限+6862#W；#G增加吸气技能对目标的生效几率（5星套装效果）#W。
176	70501085	20301009	16	-1	-1	-1	-1	100	10000	-1	-1	-1	-1	-1	-1	100	10000	70501086	0	升级后整套的套装效果将提升为：#G命中+1930#W；#G身法+74#W；#G血上限+2746#W；#G增加吸气技能对目标的生效几率（2星套装效果）#W。
177	70501086	20301009	18	-1	-1	-1	-1	100	20000	-1	-1	-1	-1	-1	-1	100	20000	70501087	1	升级后整套的套装效果将提升为：#G命中+2894#W；#G身法+110#W；#G血上限+4118#W；#G增加吸气技能对目标的生效几率（3星套装效果）#W。
178	70501087	20301009	20	-1	-1	-1	-1	100	30000	-1	-1	-1	-1	-1	-1	100	30000	70501088	1	升级后整套的套装效果将提升为：#G命中+3858#W；#G身法+148#W；#G血上限+5490#W；#G增加吸气技能对目标的生效几率（4星套装效果）#W。
179	70501088	20301009	24	-1	-1	-1	-1	100	40000	-1	-1	-1	-1	-1	-1	100	40000	70501089	1	升级后整套的套装效果将提升为：#G命中+4822#W；#G身法+184#W；#G血上限+6862#W；#G增加吸气技能对目标的生效几率（5星套装效果）#W。
180	70501090	20301009	36	-1	-1	-1	-1	100	10000	-1	-1	-1	-1	-1	-1	100	10000	70501091	0	升级后整套的套装效果将提升为：#G外功攻击+1664#W；#G命中+2142#W；#G力量+82#W；#G增加连击技能的释放几率（2星套装效果）#W。
181	70501091	20301009	43	-1	-1	-1	-1	100	20000	-1	-1	-1	-1	-1	-1	100	20000	70501092	1	升级后整套的套装效果将提升为：#G外功攻击+2496#W；#G命中+3212#W；#G力量+122#W；#G增加连击技能的释放几率（3星套装效果）#W。
182	70501092	20301009	50	-1	-1	-1	-1	100	30000	-1	-1	-1	-1	-1	-1	100	30000	70501093	1	升级后整套的套装效果将提升为：#G外功攻击+3326#W；#G命中+4282#W；#G力量+164#W；#G增加连击技能的释放几率（4星套装效果）#W。
183	70501093	20301009	56	-1	-1	-1	-1	100	40000	-1	-1	-1	-1	-1	-1	100	40000	70501094	1	升级后整套的套装效果将提升为：#G外功攻击+4158#W；#G命中+5352#W；#G力量+204#W；#G增加连击技能的释放几率（5星套装效果）#W。
184	70501095	20301009	36	-1	-1	-1	-1	100	10000	-1	-1	-1	-1	-1	-1	100	10000	70501096	0	升级后整套的套装效果将提升为：#G命中+2142#W；#G血上限+3056#W；#G力量+82#W；#G增加反击技能对目标的生效几率（2星套装效果）#W。
185	70501096	20301009	43	-1	-1	-1	-1	100	20000	-1	-1	-1	-1	-1	-1	100	20000	70501097	1	升级后整套的套装效果将提升为：#G命中+3212#W；#G血上限+4584#W；#G力量+122#W；#G增加反击技能对目标的生效几率（3星套装效果）#W。
186	70501097	20301009	50	-1	-1	-1	-1	100	30000	-1	-1	-1	-1	-1	-1	100	30000	70501098	1	升级后整套的套装效果将提升为：#G命中+4282#W；#G血上限+6112#W；#G力量+164#W；#G增加反击技能对目标的生效几率（4星套装效果）#W。
187	70501098	20301009	56	-1	-1	-1	-1	100	40000	-1	-1	-1	-1	-1	-1	100	40000	70501099	1	升级后整套的套装效果将提升为：#G命中+5352#W；#G血上限+7640#W；#G力量+204#W；#G增加反击技能对目标的生效几率（5星套装效果）#W。
188	70501100	20301009	36	-1	-1	-1	-1	100	10000	-1	-1	-1	-1	-1	-1	100	10000	70501101	0	升级后整套的套装效果将提升为：#G命中+2142#W；#G血上限+3056#W；#G力量+82#W；#G增加打怒技能对目标的生效几率（2星套装效果）#W。
189	70501101	20301009	43	-1	-1	-1	-1	100	20000	-1	-1	-1	-1	-1	-1	100	20000	70501102	1	升级后整套的套装效果将提升为：#G命中+3212#W；#G血上限+4584#W；#G力量+122#W；#G增加打怒技能对目标的生效几率（3星套装效果）#W。
190	70501102	20301009	50	-1	-1	-1	-1	100	30000	-1	-1	-1	-1	-1	-1	100	30000	70501103	1	升级后整套的套装效果将提升为：#G命中+4282#W；#G血上限+6112#W；#G力量+164#W；#G增加打怒技能对目标的生效几率（4星套装效果）#W。
191	70501103	20301009	56	-1	-1	-1	-1	100	40000	-1	-1	-1	-1	-1	-1	100	40000	70501104	1	升级后整套的套装效果将提升为：#G命中+5352#W；#G血上限+7640#W；#G力量+204#W；#G增加打怒技能对目标的生效几率（5星套装效果）#W。
192	70501105	20301009	36	-1	-1	-1	-1	100	10000	-1	-1	-1	-1	-1	-1	100	10000	70501106	0	升级后整套的套装效果将提升为：#G内功攻击+1664#W；#G命中+2142#W；#G灵气+82#W；#G增加烈火咒、玄雷咒、血毒咒、寒冰咒技能的释放几率（2星套装效果）#W。
193	70501106	20301009	43	-1	-1	-1	-1	100	20000	-1	-1	-1	-1	-1	-1	100	20000	70501107	1	升级后整套的套装效果将提升为：#G内功攻击+2496#W；#G命中+3212#W；#G灵气+122#W；#G增加烈火咒、玄雷咒、血毒咒、寒冰咒技能的释放几率（3星套装效果）#W。
194	70501107	20301009	50	-1	-1	-1	-1	100	30000	-1	-1	-1	-1	-1	-1	100	30000	70501108	1	升级后整套的套装效果将提升为：#G内功攻击+3326#W；#G命中+4282#W；#G灵气+164#W；#G增加烈火咒、玄雷咒、血毒咒、寒冰咒技能的释放几率（4星套装效果）#W。
195	70501108	20301009	56	-1	-1	-1	-1	100	40000	-1	-1	-1	-1	-1	-1	100	40000	70501109	1	升级后整套的套装效果将提升为：#G内功攻击+4158#W；#G命中+5352#W；#G灵气+204#W；#G增加烈火咒、玄雷咒、血毒咒、寒冰咒技能的释放几率（5星套装效果）#W。
196	70501110	20301009	36	-1	-1	-1	-1	100	10000	-1	-1	-1	-1	-1	-1	100	10000	70501111	0	升级后整套的套装效果将提升为：#G命中+2142#W；#G血上限+3056#W；#G灵气+82#W；#G增加反击技能对目标的生效几率（2星套装效果）#W。
197	70501111	20301009	43	-1	-1	-1	-1	100	20000	-1	-1	-1	-1	-1	-1	100	20000	70501112	1	升级后整套的套装效果将提升为：#G命中+3212#W；#G血上限+4584#W；#G灵气+122#W；#G增加反击技能对目标的生效几率（3星套装效果）#W。
198	70501112	20301009	50	-1	-1	-1	-1	100	30000	-1	-1	-1	-1	-1	-1	100	30000	70501113	1	升级后整套的套装效果将提升为：#G命中+4282#W；#G血上限+6112#W；#G灵气+164#W；#G增加反击技能对目标的生效几率（4星套装效果）#W。
199	70501113	20301009	56	-1	-1	-1	-1	100	40000	-1	-1	-1	-1	-1	-1	100	40000	70501114	1	升级后整套的套装效果将提升为：#G命中+5352#W；#G血上限+7640#W；#G灵气+204#W；#G增加反击技能对目标的生效几率（5星套装效果）#W。
200	70501115	20301009	36	-1	-1	-1	-1	100	10000	-1	-1	-1	-1	-1	-1	100	10000	70501116	0	升级后整套的套装效果将提升为：#G命中+2142#W；#G血上限+3056#W；#G灵气+82#W；#G增加打怒技能对目标的生效几率（2星套装效果）#W。
201	70501116	20301009	43	-1	-1	-1	-1	100	20000	-1	-1	-1	-1	-1	-1	100	20000	70501117	1	升级后整套的套装效果将提升为：#G命中+3212#W；#G血上限+4584#W；#G灵气+122#W；#G增加打怒技能对目标的生效几率（3星套装效果）#W。
202	70501117	20301009	50	-1	-1	-1	-1	100	30000	-1	-1	-1	-1	-1	-1	100	30000	70501118	1	升级后整套的套装效果将提升为：#G命中+4282#W；#G血上限+6112#W；#G灵气+164#W；#G增加打怒技能对目标的生效几率（4星套装效果）#W。
203	70501118	20301009	56	-1	-1	-1	-1	100	40000	-1	-1	-1	-1	-1	-1	100	40000	70501119	1	升级后整套的套装效果将提升为：#G命中+5352#W；#G血上限+7640#W；#G灵气+204#W；#G增加打怒技能对目标的生效几率（5星套装效果）#W。
204	70501120	20301009	36	-1	-1	-1	-1	100	10000	-1	-1	-1	-1	-1	-1	100	10000	70501121	0	升级后整套的套装效果将提升为：#G外功防御+1642#W；#G内功防御+1642#W；#G血上限+3056#W；#G增加灵气技能对玩家的生效几率（2星套装效果）#W。
205	70501121	20301009	43	-1	-1	-1	-1	100	20000	-1	-1	-1	-1	-1	-1	100	20000	70501122	1	升级后整套的套装效果将提升为：#G外功防御+2464#W；#G内功防御+2464#W；#G血上限+4584#W；#G增加灵气技能对玩家的生效几率（3星套装效果）#W。
206	70501122	20301009	50	-1	-1	-1	-1	100	30000	-1	-1	-1	-1	-1	-1	100	30000	70501123	1	升级后整套的套装效果将提升为：#G外功防御+3284#W；#G内功防御+3284#W；#G血上限+6112#W；#G增加灵气技能对玩家的生效几率（4星套装效果）#W。
207	70501123	20301009	56	-1	-1	-1	-1	100	40000	-1	-1	-1	-1	-1	-1	100	40000	70501124	1	升级后整套的套装效果将提升为：#G外功防御+4106#W；#G内功防御+4106#W；#G血上限+7640#W；#G增加灵气技能对玩家的生效几率（5星套装效果）#W。
208	70501125	20301009	36	-1	-1	-1	-1	100	10000	-1	-1	-1	-1	-1	-1	100	10000	70501126	0	升级后整套的套装效果将提升为：#G身法+82#W；#G命中+2142#W；#G血上限+3056#W；#G增加打怒技能对目标的生效几率（2星套装效果）#W。
209	70501126	20301009	43	-1	-1	-1	-1	100	20000	-1	-1	-1	-1	-1	-1	100	20000	70501127	1	升级后整套的套装效果将提升为：#G身法+122#W；#G命中+3212#W；#G血上限+4584#W；#G增加打怒技能对目标的生效几率（3星套装效果）#W。
210	70501127	20301009	50	-1	-1	-1	-1	100	30000	-1	-1	-1	-1	-1	-1	100	30000	70501128	1	升级后整套的套装效果将提升为：#G身法+164#W；#G命中+4282#W；#G血上限+6112#W；#G增加打怒技能对目标的生效几率（4星套装效果）#W。
211	70501128	20301009	56	-1	-1	-1	-1	100	40000	-1	-1	-1	-1	-1	-1	100	40000	70501129	1	升级后整套的套装效果将提升为：#G身法+204#W；#G命中+5352#W；#G血上限+7640#W；#G增加打怒技能对目标的生效几率（5星套装效果）#W。
212	70501130	20301009	36	-1	-1	-1	-1	100	10000	-1	-1	-1	-1	-1	-1	100	10000	70501131	0	升级后整套的套装效果将提升为：#G命中+2142#W；#G身法+82#W；#G血上限+3056#W；#G增加打怒技能对目标的生效几率（2星套装效果）#W。
213	70501131	20301009	43	-1	-1	-1	-1	100	20000	-1	-1	-1	-1	-1	-1	100	20000	70501132	1	升级后整套的套装效果将提升为：#G命中+3212#W；#G身法+122#W；#G血上限+4584#W；#G增加打怒技能对目标的生效几率（3星套装效果）#W。
214	70501132	20301009	50	-1	-1	-1	-1	100	30000	-1	-1	-1	-1	-1	-1	100	30000	70501133	1	升级后整套的套装效果将提升为：#G命中+4282#W；#G身法+164#W；#G血上限+6112#W；#G增加打怒技能对目标的生效几率（4星套装效果）#W。
215	70501133	20301009	56	-1	-1	-1	-1	100	40000	-1	-1	-1	-1	-1	-1	100	40000	70501134	1	升级后整套的套装效果将提升为：#G命中+5352#W；#G身法+204#W；#G血上限+7640#W；#G增加打怒技能对目标的生效几率（5星套装效果）#W。
216	70502000	20301009	3	-1	-1	-1	-1	100	10000	-1	-1	-1	-1	-1	-1	100	10000	70502001	0	升级后整套的套装效果将提升为：#G外功攻击+1328#W；#G命中+1718#W；#G力量+66#W；#G猛击技能释放时额外增加外功攻击（2星套装效果）#W。
217	70502001	20301009	5	-1	-1	-1	-1	100	20000	-1	-1	-1	-1	-1	-1	100	20000	70502002	1	升级后整套的套装效果将提升为：#G外功攻击+1992#W；#G命中+2576#W；#G力量+98#W；#G猛击技能释放时额外增加外功攻击（3星套装效果）#W。
218	70502002	20301009	7	-1	-1	-1	-1	100	30000	-1	-1	-1	-1	-1	-1	100	30000	70502003	1	升级后整套的套装效果将提升为：#G外功攻击+2654#W；#G命中+3434#W；#G力量+132#W；#G猛击技能释放时额外增加外功攻击（4星套装效果）#W。
219	70502003	20301009	11	-1	-1	-1	-1	100	40000	-1	-1	-1	-1	-1	-1	100	40000	70502004	1	升级后整套的套装效果将提升为：#G外功攻击+3318#W；#G命中+4292#W；#G力量+164#W；#G猛击技能释放时额外增加外功攻击（5星套装效果）#W。
220	70502005	20301009	3	-1	-1	-1	-1	100	10000	-1	-1	-1	-1	-1	-1	100	10000	70502006	0	升级后整套的套装效果将提升为：#G命中+1718#W；#G血上限+2434#W；#G力量+66#W；#G增加摔绊技能对目标的生效几率（2星套装效果）#W。
221	70502006	20301009	5	-1	-1	-1	-1	100	20000	-1	-1	-1	-1	-1	-1	100	20000	70502007	1	升级后整套的套装效果将提升为：#G命中+2576#W；#G血上限+3650#W；#G力量+98#W；#G增加摔绊技能对目标的生效几率（3星套装效果）#W。
222	70502007	20301009	7	-1	-1	-1	-1	100	30000	-1	-1	-1	-1	-1	-1	100	30000	70502008	1	升级后整套的套装效果将提升为：#G命中+3434#W；#G血上限+4868#W；#G力量+132#W；#G增加摔绊技能对目标的生效几率（4星套装效果）#W。
223	70502008	20301009	11	-1	-1	-1	-1	100	40000	-1	-1	-1	-1	-1	-1	100	40000	70502009	1	升级后整套的套装效果将提升为：#G命中+4292#W；#G血上限+6084#W；#G力量+164#W；#G增加摔绊技能对目标的生效几率（5星套装效果）#W。
224	70502010	20301009	3	-1	-1	-1	-1	100	10000	-1	-1	-1	-1	-1	-1	100	10000	70502011	0	升级后整套的套装效果将提升为：#G命中+1718#W；#G血上限+2434#W；#G力量+66#W；#G增加虚弱技能对目标的生效几率（2星套装效果）#W。
225	70502011	20301009	5	-1	-1	-1	-1	100	20000	-1	-1	-1	-1	-1	-1	100	20000	70502012	1	升级后整套的套装效果将提升为：#G命中+2576#W；#G血上限+3650#W；#G力量+98#W；#G增加虚弱技能对目标的生效几率（3星套装效果）#W。
226	70502012	20301009	7	-1	-1	-1	-1	100	30000	-1	-1	-1	-1	-1	-1	100	30000	70502013	1	升级后整套的套装效果将提升为：#G命中+3434#W；#G血上限+4868#W；#G力量+132#W；#G增加虚弱技能对目标的生效几率（4星套装效果）#W。
227	70502013	20301009	11	-1	-1	-1	-1	100	40000	-1	-1	-1	-1	-1	-1	100	40000	70502014	1	升级后整套的套装效果将提升为：#G命中+4292#W；#G血上限+6084#W；#G力量+164#W；#G增加虚弱技能对目标的生效几率（5星套装效果）#W。
228	70502015	20301009	3	-1	-1	-1	-1	100	10000	-1	-1	-1	-1	-1	-1	100	10000	70502016	0	升级后整套的套装效果将提升为：#G内功攻击+1328#W；#G命中+1718#W；#G灵气+66#W；#G烈火咒、玄雷咒、血毒咒、寒冰咒释放时额外增加对应的属性攻击（2星套装效果）#W。
229	70502016	20301009	5	-1	-1	-1	-1	100	20000	-1	-1	-1	-1	-1	-1	100	20000	70502017	1	升级后整套的套装效果将提升为：#G内功攻击+1992#W；#G命中+2576#W；#G灵气+98#W；#G烈火咒、玄雷咒、血毒咒、寒冰咒释放时额外增加对应的属性攻击（3星套装效果）#W。
230	70502017	20301009	7	-1	-1	-1	-1	100	30000	-1	-1	-1	-1	-1	-1	100	30000	70502018	1	升级后整套的套装效果将提升为：#G内功攻击+2654#W；#G命中+3434#W；#G灵气+132#W；#G烈火咒、玄雷咒、血毒咒、寒冰咒释放时额外增加对应的属性攻击（4星套装效果）#W。
231	70502018	20301009	11	-1	-1	-1	-1	100	40000	-1	-1	-1	-1	-1	-1	100	40000	70502019	1	升级后整套的套装效果将提升为：#G内功攻击+3318#W；#G命中+4292#W；#G灵气+164#W；#G烈火咒、玄雷咒、血毒咒、寒冰咒释放时额外增加对应的属性攻击（5星套装效果）#W。
232	70502020	20301009	3	-1	-1	-1	-1	100	10000	-1	-1	-1	-1	-1	-1	100	10000	70502021	0	升级后整套的套装效果将提升为：#G命中+1718#W；#G血上限+2434#W；#G灵气+66#W；#G增加摔绊技能对目标的生效几率（2星套装效果）#W。
233	70502021	20301009	5	-1	-1	-1	-1	100	20000	-1	-1	-1	-1	-1	-1	100	20000	70502022	1	升级后整套的套装效果将提升为：#G命中+2576#W；#G血上限+3650#W；#G灵气+98#W；#G增加摔绊技能对目标的生效几率（3星套装效果）#W。
234	70502022	20301009	7	-1	-1	-1	-1	100	30000	-1	-1	-1	-1	-1	-1	100	30000	70502023	1	升级后整套的套装效果将提升为：#G命中+3434#W；#G血上限+4868#W；#G灵气+132#W；#G增加摔绊技能对目标的生效几率（4星套装效果）#W。
235	70502023	20301009	11	-1	-1	-1	-1	100	40000	-1	-1	-1	-1	-1	-1	100	40000	70502024	1	升级后整套的套装效果将提升为：#G命中+4292#W；#G血上限+6084#W；#G灵气+164#W；#G增加摔绊技能对目标的生效几率（5星套装效果）#W。
236	70502025	20301009	3	-1	-1	-1	-1	100	10000	-1	-1	-1	-1	-1	-1	100	10000	70502026	0	升级后整套的套装效果将提升为：#G命中+1718#W；#G血上限+2434#W；#G灵气+66#W；#G增加虚弱技能对目标的生效几率（2星套装效果）#W。
237	70502026	20301009	5	-1	-1	-1	-1	100	20000	-1	-1	-1	-1	-1	-1	100	20000	70502027	1	升级后整套的套装效果将提升为：#G命中+2576#W；#G血上限+3650#W；#G灵气+98#W；#G增加虚弱技能对目标的生效几率（3星套装效果）#W。
238	70502027	20301009	7	-1	-1	-1	-1	100	30000	-1	-1	-1	-1	-1	-1	100	30000	70502028	1	升级后整套的套装效果将提升为：#G命中+3434#W；#G血上限+4868#W；#G灵气+132#W；#G增加虚弱技能对目标的生效几率（4星套装效果）#W。
239	70502028	20301009	11	-1	-1	-1	-1	100	40000	-1	-1	-1	-1	-1	-1	100	40000	70502029	1	升级后整套的套装效果将提升为：#G命中+4292#W；#G血上限+6084#W；#G灵气+164#W；#G增加虚弱技能对目标的生效几率（5星套装效果）#W。
240	70502030	20301009	3	-1	-1	-1	-1	100	10000	-1	-1	-1	-1	-1	-1	100	10000	70502031	0	升级后整套的套装效果将提升为：#G外功防御+1312#W；#G内功防御+1312#W；#G血上限+2434#W；#G增加灵动技能对珍兽自己的生效几率（2星套装效果）#W。
241	70502031	20301009	5	-1	-1	-1	-1	100	20000	-1	-1	-1	-1	-1	-1	100	20000	70502032	1	升级后整套的套装效果将提升为：#G外功防御+1966#W；#G内功防御+1966#W；#G血上限+3650#W；#G增加灵动技能对珍兽自己的生效几率（3星套装效果）#W。
242	70502032	20301009	7	-1	-1	-1	-1	100	30000	-1	-1	-1	-1	-1	-1	100	30000	70502033	1	升级后整套的套装效果将提升为：#G外功防御+2622#W；#G内功防御+2622#W；#G血上限+4868#W；#G增加灵动技能对珍兽自己的生效几率（4星套装效果）#W。
243	70502033	20301009	11	-1	-1	-1	-1	100	40000	-1	-1	-1	-1	-1	-1	100	40000	70502034	1	升级后整套的套装效果将提升为：#G外功防御+3276#W；#G内功防御+3276#W；#G血上限+6084#W；#G增加灵动技能对珍兽自己的生效几率（5星套装效果）#W。
244	70502035	20301009	3	-1	-1	-1	-1	100	10000	-1	-1	-1	-1	-1	-1	100	10000	70502036	0	升级后整套的套装效果将提升为：#G身法+66#W；#G命中+1718#W；#G血上限+2434#W；#G增加虚弱技能对目标的生效几率（2星套装效果）#W。
245	70502036	20301009	5	-1	-1	-1	-1	100	20000	-1	-1	-1	-1	-1	-1	100	20000	70502037	1	升级后整套的套装效果将提升为：#G身法+98#W；#G命中+2576#W；#G血上限+3650#W；#G增加虚弱技能对目标的生效几率（3星套装效果）#W。
246	70502037	20301009	7	-1	-1	-1	-1	100	30000	-1	-1	-1	-1	-1	-1	100	30000	70502038	1	升级后整套的套装效果将提升为：#G身法+132#W；#G命中+3434#W；#G血上限+4868#W；#G增加虚弱技能对目标的生效几率（4星套装效果）#W。
247	70502038	20301009	11	-1	-1	-1	-1	100	40000	-1	-1	-1	-1	-1	-1	100	40000	70502039	1	升级后整套的套装效果将提升为：#G身法+164#W；#G命中+4292#W；#G血上限+6084#W；#G增加虚弱技能对目标的生效几率（5星套装效果）#W。
248	70502040	20301009	3	-1	-1	-1	-1	100	10000	-1	-1	-1	-1	-1	-1	100	10000	70502041	0	升级后整套的套装效果将提升为：#G命中+1718#W；#G身法+66#W；#G血上限+2434#W；#G增加虚弱技能对目标的生效几率（2星套装效果）#W。
249	70502041	20301009	5	-1	-1	-1	-1	100	20000	-1	-1	-1	-1	-1	-1	100	20000	70502042	1	升级后整套的套装效果将提升为：#G命中+2576#W；#G身法+98#W；#G血上限+3650#W；#G增加虚弱技能对目标的生效几率（3星套装效果）#W。
250	70502042	20301009	7	-1	-1	-1	-1	100	30000	-1	-1	-1	-1	-1	-1	100	30000	70502043	1	升级后整套的套装效果将提升为：#G命中+3434#W；#G身法+132#W；#G血上限+4868#W；#G增加虚弱技能对目标的生效几率（4星套装效果）#W。
251	70502043	20301009	11	-1	-1	-1	-1	100	40000	-1	-1	-1	-1	-1	-1	100	40000	70502044	1	升级后整套的套装效果将提升为：#G命中+4292#W；#G身法+164#W；#G血上限+6084#W；#G增加虚弱技能对目标的生效几率（5星套装效果）#W。
252	70502045	20301009	16	-1	-1	-1	-1	100	10000	-1	-1	-1	-1	-1	-1	100	10000	70502046	0	升级后整套的套装效果将提升为：#G外功攻击+1496#W；#G命中+1930#W；#G力量+74#W；#G增加猛击技能的释放几率（2星套装效果）#W。
253	70502046	20301009	18	-1	-1	-1	-1	100	20000	-1	-1	-1	-1	-1	-1	100	20000	70502047	1	升级后整套的套装效果将提升为：#G外功攻击+2244#W；#G命中+2894#W；#G力量+110#W；#G增加猛击技能的释放几率（3星套装效果）#W。
254	70502047	20301009	20	-1	-1	-1	-1	100	30000	-1	-1	-1	-1	-1	-1	100	30000	70502048	1	升级后整套的套装效果将提升为：#G外功攻击+2990#W；#G命中+3858#W；#G力量+148#W；#G增加猛击技能的释放几率（4星套装效果）#W。
255	70502048	20301009	24	-1	-1	-1	-1	100	40000	-1	-1	-1	-1	-1	-1	100	40000	70502049	1	升级后整套的套装效果将提升为：#G外功攻击+3738#W；#G命中+4822#W；#G力量+184#W；#G增加猛击技能的释放几率（5星套装效果）#W。
256	70502050	20301009	16	-1	-1	-1	-1	100	10000	-1	-1	-1	-1	-1	-1	100	10000	70502051	0	升级后整套的套装效果将提升为：#G命中+1930#W；#G血上限+2746#W；#G力量+74#W；#G增加反震技能对目标的生效几率（2星套装效果）#W。
257	70502051	20301009	18	-1	-1	-1	-1	100	20000	-1	-1	-1	-1	-1	-1	100	20000	70502052	1	升级后整套的套装效果将提升为：#G命中+2894#W；#G血上限+4118#W；#G力量+110#W；#G增加反震技能对目标的生效几率（3星套装效果）#W。
258	70502052	20301009	20	-1	-1	-1	-1	100	30000	-1	-1	-1	-1	-1	-1	100	30000	70502053	1	升级后整套的套装效果将提升为：#G命中+3858#W；#G血上限+5490#W；#G力量+148#W；#G增加反震技能对目标的生效几率（4星套装效果）#W。
259	70502053	20301009	24	-1	-1	-1	-1	100	40000	-1	-1	-1	-1	-1	-1	100	40000	70502054	1	升级后整套的套装效果将提升为：#G命中+4822#W；#G血上限+6862#W；#G力量+184#W；#G增加反震技能对目标的生效几率（5星套装效果）#W。
260	70502055	20301009	16	-1	-1	-1	-1	100	10000	-1	-1	-1	-1	-1	-1	100	10000	70502056	0	升级后整套的套装效果将提升为：#G命中+1930#W；#G血上限+2746#W；#G力量+74#W；#G增加吸气技能对目标的生效几率（2星套装效果）#W。
261	70502056	20301009	18	-1	-1	-1	-1	100	20000	-1	-1	-1	-1	-1	-1	100	20000	70502057	1	升级后整套的套装效果将提升为：#G命中+2894#W；#G血上限+4118#W；#G力量+110#W；#G增加吸气技能对目标的生效几率（3星套装效果）#W。
262	70502057	20301009	20	-1	-1	-1	-1	100	30000	-1	-1	-1	-1	-1	-1	100	30000	70502058	1	升级后整套的套装效果将提升为：#G命中+3858#W；#G血上限+5490#W；#G力量+148#W；#G增加吸气技能对目标的生效几率（4星套装效果）#W。
263	70502058	20301009	24	-1	-1	-1	-1	100	40000	-1	-1	-1	-1	-1	-1	100	40000	70502059	1	升级后整套的套装效果将提升为：#G命中+4822#W；#G血上限+6862#W；#G力量+184#W；#G增加吸气技能对目标的生效几率（5星套装效果）#W。
264	70502060	20301009	16	-1	-1	-1	-1	100	10000	-1	-1	-1	-1	-1	-1	100	10000	70502061	0	升级后整套的套装效果将提升为：#G内功攻击+1496#W；#G命中+1930#W；#G灵气+74#W；#G痛击技能释放时额外增加内功攻击（2星套装效果）#W。
265	70502061	20301009	18	-1	-1	-1	-1	100	20000	-1	-1	-1	-1	-1	-1	100	20000	70502062	1	升级后整套的套装效果将提升为：#G内功攻击+2244#W；#G命中+2894#W；#G灵气+110#W；#G痛击技能释放时额外增加内功攻击（3星套装效果）#W。
266	70502062	20301009	20	-1	-1	-1	-1	100	30000	-1	-1	-1	-1	-1	-1	100	30000	70502063	1	升级后整套的套装效果将提升为：#G内功攻击+2990#W；#G命中+3858#W；#G灵气+148#W；#G痛击技能释放时额外增加内功攻击（4星套装效果）#W。
267	70502063	20301009	24	-1	-1	-1	-1	100	40000	-1	-1	-1	-1	-1	-1	100	40000	70502064	1	升级后整套的套装效果将提升为：#G内功攻击+3738#W；#G命中+4822#W；#G灵气+184#W；#G痛击技能释放时额外增加内功攻击（5星套装效果）#W。
268	70502065	20301009	16	-1	-1	-1	-1	100	10000	-1	-1	-1	-1	-1	-1	100	10000	70502066	0	升级后整套的套装效果将提升为：#G命中+1930#W；#G血上限+2746#W；#G灵气+74#W；#G增加反震技能对目标的生效几率（2星套装效果）#W。
269	70502066	20301009	18	-1	-1	-1	-1	100	20000	-1	-1	-1	-1	-1	-1	100	20000	70502067	1	升级后整套的套装效果将提升为：#G命中+2894#W；#G血上限+4118#W；#G灵气+110#W；#G增加反震技能对目标的生效几率（3星套装效果）#W。
270	70502067	20301009	20	-1	-1	-1	-1	100	30000	-1	-1	-1	-1	-1	-1	100	30000	70502068	1	升级后整套的套装效果将提升为：#G命中+3858#W；#G血上限+5490#W；#G灵气+148#W；#G增加反震技能对目标的生效几率（4星套装效果）#W。
271	70502068	20301009	24	-1	-1	-1	-1	100	40000	-1	-1	-1	-1	-1	-1	100	40000	70502069	1	升级后整套的套装效果将提升为：#G命中+4822#W；#G血上限+6862#W；#G灵气+184#W；#G增加反震技能对目标的生效几率（5星套装效果）#W。
272	70502070	20301009	16	-1	-1	-1	-1	100	10000	-1	-1	-1	-1	-1	-1	100	10000	70502071	0	升级后整套的套装效果将提升为：#G命中+1930#W；#G血上限+2746#W；#G灵气+74#W；#G增加吸气技能对目标的生效几率（2星套装效果）#W。
273	70502071	20301009	18	-1	-1	-1	-1	100	20000	-1	-1	-1	-1	-1	-1	100	20000	70502072	1	升级后整套的套装效果将提升为：#G命中+2894#W；#G血上限+4118#W；#G灵气+110#W；#G增加吸气技能对目标的生效几率（3星套装效果）#W。
274	70502072	20301009	20	-1	-1	-1	-1	100	30000	-1	-1	-1	-1	-1	-1	100	30000	70502073	1	升级后整套的套装效果将提升为：#G命中+3858#W；#G血上限+5490#W；#G灵气+148#W；#G增加吸气技能对目标的生效几率（4星套装效果）#W。
275	70502073	20301009	24	-1	-1	-1	-1	100	40000	-1	-1	-1	-1	-1	-1	100	40000	70502074	1	升级后整套的套装效果将提升为：#G命中+4822#W；#G血上限+6862#W；#G灵气+184#W；#G增加吸气技能对目标的生效几率（5星套装效果）#W。
276	70502075	20301009	16	-1	-1	-1	-1	100	10000	-1	-1	-1	-1	-1	-1	100	10000	70502076	0	升级后整套的套装效果将提升为：#G外功防御+1476#W；#G内功防御+1476#W；#G血上限+2746#W；#G增加忠心技能对玩家的生效几率（2星套装效果）#W。
277	70502076	20301009	18	-1	-1	-1	-1	100	20000	-1	-1	-1	-1	-1	-1	100	20000	70502077	1	升级后整套的套装效果将提升为：#G外功防御+2214#W；#G内功防御+2214#W；#G血上限+4118#W；#G增加忠心技能对玩家的生效几率（3星套装效果）#W。
278	70502077	20301009	20	-1	-1	-1	-1	100	30000	-1	-1	-1	-1	-1	-1	100	30000	70502078	1	升级后整套的套装效果将提升为：#G外功防御+2952#W；#G内功防御+2952#W；#G血上限+5490#W；#G增加忠心技能对玩家的生效几率（4星套装效果）#W。
279	70502078	20301009	24	-1	-1	-1	-1	100	40000	-1	-1	-1	-1	-1	-1	100	40000	70502079	1	升级后整套的套装效果将提升为：#G外功防御+3690#W；#G内功防御+3690#W；#G血上限+6862#W；#G增加忠心技能对玩家的生效几率（5星套装效果）#W。
280	70502080	20301009	16	-1	-1	-1	-1	100	10000	-1	-1	-1	-1	-1	-1	100	10000	70502081	0	升级后整套的套装效果将提升为：#G身法+74#W；#G命中+1930#W；#G血上限+2746#W；#G增加吸气技能对目标的生效几率（2星套装效果）#W。
281	70502081	20301009	18	-1	-1	-1	-1	100	20000	-1	-1	-1	-1	-1	-1	100	20000	70502082	1	升级后整套的套装效果将提升为：#G身法+110#W；#G命中+2894#W；#G血上限+4118#W；#G增加吸气技能对目标的生效几率（3星套装效果）#W。
282	70502082	20301009	20	-1	-1	-1	-1	100	30000	-1	-1	-1	-1	-1	-1	100	30000	70502083	1	升级后整套的套装效果将提升为：#G身法+148#W；#G命中+3858#W；#G血上限+5490#W；#G增加吸气技能对目标的生效几率（4星套装效果）#W。
283	70502083	20301009	24	-1	-1	-1	-1	100	40000	-1	-1	-1	-1	-1	-1	100	40000	70502084	1	升级后整套的套装效果将提升为：#G身法+184#W；#G命中+4822#W；#G血上限+6862#W；#G增加吸气技能对目标的生效几率（5星套装效果）#W。
284	70502085	20301009	16	-1	-1	-1	-1	100	10000	-1	-1	-1	-1	-1	-1	100	10000	70502086	0	升级后整套的套装效果将提升为：#G命中+1930#W；#G身法+74#W；#G血上限+2746#W；#G增加吸气技能对目标的生效几率（2星套装效果）#W。
285	70502086	20301009	18	-1	-1	-1	-1	100	20000	-1	-1	-1	-1	-1	-1	100	20000	70502087	1	升级后整套的套装效果将提升为：#G命中+2894#W；#G身法+110#W；#G血上限+4118#W；#G增加吸气技能对目标的生效几率（3星套装效果）#W。
286	70502087	20301009	20	-1	-1	-1	-1	100	30000	-1	-1	-1	-1	-1	-1	100	30000	70502088	1	升级后整套的套装效果将提升为：#G命中+3858#W；#G身法+148#W；#G血上限+5490#W；#G增加吸气技能对目标的生效几率（4星套装效果）#W。
287	70502088	20301009	24	-1	-1	-1	-1	100	40000	-1	-1	-1	-1	-1	-1	100	40000	70502089	1	升级后整套的套装效果将提升为：#G命中+4822#W；#G身法+184#W；#G血上限+6862#W；#G增加吸气技能对目标的生效几率（5星套装效果）#W。
288	70502090	20301009	36	-1	-1	-1	-1	100	10000	-1	-1	-1	-1	-1	-1	100	10000	70502091	0	升级后整套的套装效果将提升为：#G外功攻击+1664#W；#G命中+2142#W；#G力量+82#W；#G增加连击技能的释放几率（2星套装效果）#W。
289	70502091	20301009	43	-1	-1	-1	-1	100	20000	-1	-1	-1	-1	-1	-1	100	20000	70502092	1	升级后整套的套装效果将提升为：#G外功攻击+2496#W；#G命中+3212#W；#G力量+122#W；#G增加连击技能的释放几率（3星套装效果）#W。
290	70502092	20301009	50	-1	-1	-1	-1	100	30000	-1	-1	-1	-1	-1	-1	100	30000	70502093	1	升级后整套的套装效果将提升为：#G外功攻击+3326#W；#G命中+4282#W；#G力量+164#W；#G增加连击技能的释放几率（4星套装效果）#W。
291	70502093	20301009	56	-1	-1	-1	-1	100	40000	-1	-1	-1	-1	-1	-1	100	40000	70502094	1	升级后整套的套装效果将提升为：#G外功攻击+4158#W；#G命中+5352#W；#G力量+204#W；#G增加连击技能的释放几率（5星套装效果）#W。
292	70502095	20301009	36	-1	-1	-1	-1	100	10000	-1	-1	-1	-1	-1	-1	100	10000	70502096	0	升级后整套的套装效果将提升为：#G命中+2142#W；#G血上限+3056#W；#G力量+82#W；#G增加反击技能对目标的生效几率（2星套装效果）#W。
293	70502096	20301009	43	-1	-1	-1	-1	100	20000	-1	-1	-1	-1	-1	-1	100	20000	70502097	1	升级后整套的套装效果将提升为：#G命中+3212#W；#G血上限+4584#W；#G力量+122#W；#G增加反击技能对目标的生效几率（3星套装效果）#W。
294	70502097	20301009	50	-1	-1	-1	-1	100	30000	-1	-1	-1	-1	-1	-1	100	30000	70502098	1	升级后整套的套装效果将提升为：#G命中+4282#W；#G血上限+6112#W；#G力量+164#W；#G增加反击技能对目标的生效几率（4星套装效果）#W。
295	70502098	20301009	56	-1	-1	-1	-1	100	40000	-1	-1	-1	-1	-1	-1	100	40000	70502099	1	升级后整套的套装效果将提升为：#G命中+5352#W；#G血上限+7640#W；#G力量+204#W；#G增加反击技能对目标的生效几率（5星套装效果）#W。
296	70502100	20301009	36	-1	-1	-1	-1	100	10000	-1	-1	-1	-1	-1	-1	100	10000	70502101	0	升级后整套的套装效果将提升为：#G命中+2142#W；#G血上限+3056#W；#G力量+82#W；#G增加打怒技能对目标的生效几率（2星套装效果）#W。
297	70502101	20301009	43	-1	-1	-1	-1	100	20000	-1	-1	-1	-1	-1	-1	100	20000	70502102	1	升级后整套的套装效果将提升为：#G命中+3212#W；#G血上限+4584#W；#G力量+122#W；#G增加打怒技能对目标的生效几率（3星套装效果）#W。
298	70502102	20301009	50	-1	-1	-1	-1	100	30000	-1	-1	-1	-1	-1	-1	100	30000	70502103	1	升级后整套的套装效果将提升为：#G命中+4282#W；#G血上限+6112#W；#G力量+164#W；#G增加打怒技能对目标的生效几率（4星套装效果）#W。
299	70502103	20301009	56	-1	-1	-1	-1	100	40000	-1	-1	-1	-1	-1	-1	100	40000	70502104	1	升级后整套的套装效果将提升为：#G命中+5352#W；#G血上限+7640#W；#G力量+204#W；#G增加打怒技能对目标的生效几率（5星套装效果）#W。
300	70502105	20301009	36	-1	-1	-1	-1	100	10000	-1	-1	-1	-1	-1	-1	100	10000	70502106	0	升级后整套的套装效果将提升为：#G内功攻击+1664#W；#G命中+2142#W；#G灵气+82#W；#G增加烈火咒、玄雷咒、血毒咒、寒冰咒技能的释放几率（2星套装效果）#W。
301	70502106	20301009	43	-1	-1	-1	-1	100	20000	-1	-1	-1	-1	-1	-1	100	20000	70502107	1	升级后整套的套装效果将提升为：#G内功攻击+2496#W；#G命中+3212#W；#G灵气+122#W；#G增加烈火咒、玄雷咒、血毒咒、寒冰咒技能的释放几率（3星套装效果）#W。
302	70502107	20301009	50	-1	-1	-1	-1	100	30000	-1	-1	-1	-1	-1	-1	100	30000	70502108	1	升级后整套的套装效果将提升为：#G内功攻击+3326#W；#G命中+4282#W；#G灵气+164#W；#G增加烈火咒、玄雷咒、血毒咒、寒冰咒技能的释放几率（4星套装效果）#W。
303	70502108	20301009	56	-1	-1	-1	-1	100	40000	-1	-1	-1	-1	-1	-1	100	40000	70502109	1	升级后整套的套装效果将提升为：#G内功攻击+4158#W；#G命中+5352#W；#G灵气+204#W；#G增加烈火咒、玄雷咒、血毒咒、寒冰咒技能的释放几率（5星套装效果）#W。
304	70502110	20301009	36	-1	-1	-1	-1	100	10000	-1	-1	-1	-1	-1	-1	100	10000	70502111	0	升级后整套的套装效果将提升为：#G命中+2142#W；#G血上限+3056#W；#G灵气+82#W；#G增加反击技能对目标的生效几率（2星套装效果）#W。
305	70502111	20301009	43	-1	-1	-1	-1	100	20000	-1	-1	-1	-1	-1	-1	100	20000	70502112	1	升级后整套的套装效果将提升为：#G命中+3212#W；#G血上限+4584#W；#G灵气+122#W；#G增加反击技能对目标的生效几率（3星套装效果）#W。
306	70502112	20301009	50	-1	-1	-1	-1	100	30000	-1	-1	-1	-1	-1	-1	100	30000	70502113	1	升级后整套的套装效果将提升为：#G命中+4282#W；#G血上限+6112#W；#G灵气+164#W；#G增加反击技能对目标的生效几率（4星套装效果）#W。
307	70502113	20301009	56	-1	-1	-1	-1	100	40000	-1	-1	-1	-1	-1	-1	100	40000	70502114	1	升级后整套的套装效果将提升为：#G命中+5352#W；#G血上限+7640#W；#G灵气+204#W；#G增加反击技能对目标的生效几率（5星套装效果）#W。
308	70502115	20301009	36	-1	-1	-1	-1	100	10000	-1	-1	-1	-1	-1	-1	100	10000	70502116	0	升级后整套的套装效果将提升为：#G命中+2142#W；#G血上限+3056#W；#G灵气+82#W；#G增加打怒技能对目标的生效几率（2星套装效果）#W。
309	70502116	20301009	43	-1	-1	-1	-1	100	20000	-1	-1	-1	-1	-1	-1	100	20000	70502117	1	升级后整套的套装效果将提升为：#G命中+3212#W；#G血上限+4584#W；#G灵气+122#W；#G增加打怒技能对目标的生效几率（3星套装效果）#W。
310	70502117	20301009	50	-1	-1	-1	-1	100	30000	-1	-1	-1	-1	-1	-1	100	30000	70502118	1	升级后整套的套装效果将提升为：#G命中+4282#W；#G血上限+6112#W；#G灵气+164#W；#G增加打怒技能对目标的生效几率（4星套装效果）#W。
311	70502118	20301009	56	-1	-1	-1	-1	100	40000	-1	-1	-1	-1	-1	-1	100	40000	70502119	1	升级后整套的套装效果将提升为：#G命中+5352#W；#G血上限+7640#W；#G灵气+204#W；#G增加打怒技能对目标的生效几率（5星套装效果）#W。
312	70502120	20301009	36	-1	-1	-1	-1	100	10000	-1	-1	-1	-1	-1	-1	100	10000	70502121	0	升级后整套的套装效果将提升为：#G外功防御+1642#W；#G内功防御+1642#W；#G血上限+3056#W；#G增加灵气技能对玩家的生效几率（2星套装效果）#W。
313	70502121	20301009	43	-1	-1	-1	-1	100	20000	-1	-1	-1	-1	-1	-1	100	20000	70502122	1	升级后整套的套装效果将提升为：#G外功防御+2464#W；#G内功防御+2464#W；#G血上限+4584#W；#G增加灵气技能对玩家的生效几率（3星套装效果）#W。
314	70502122	20301009	50	-1	-1	-1	-1	100	30000	-1	-1	-1	-1	-1	-1	100	30000	70502123	1	升级后整套的套装效果将提升为：#G外功防御+3284#W；#G内功防御+3284#W；#G血上限+6112#W；#G增加灵气技能对玩家的生效几率（4星套装效果）#W。
315	70502123	20301009	56	-1	-1	-1	-1	100	40000	-1	-1	-1	-1	-1	-1	100	40000	70502124	1	升级后整套的套装效果将提升为：#G外功防御+4106#W；#G内功防御+4106#W；#G血上限+7640#W；#G增加灵气技能对玩家的生效几率（5星套装效果）#W。
316	70502125	20301009	36	-1	-1	-1	-1	100	10000	-1	-1	-1	-1	-1	-1	100	10000	70502126	0	升级后整套的套装效果将提升为：#G身法+82#W；#G命中+2142#W；#G血上限+3056#W；#G增加打怒技能对目标的生效几率（2星套装效果）#W。
317	70502126	20301009	43	-1	-1	-1	-1	100	20000	-1	-1	-1	-1	-1	-1	100	20000	70502127	1	升级后整套的套装效果将提升为：#G身法+122#W；#G命中+3212#W；#G血上限+4584#W；#G增加打怒技能对目标的生效几率（3星套装效果）#W。
318	70502127	20301009	50	-1	-1	-1	-1	100	30000	-1	-1	-1	-1	-1	-1	100	30000	70502128	1	升级后整套的套装效果将提升为：#G身法+164#W；#G命中+4282#W；#G血上限+6112#W；#G增加打怒技能对目标的生效几率（4星套装效果）#W。
319	70502128	20301009	56	-1	-1	-1	-1	100	40000	-1	-1	-1	-1	-1	-1	100	40000	70502129	1	升级后整套的套装效果将提升为：#G身法+204#W；#G命中+5352#W；#G血上限+7640#W；#G增加打怒技能对目标的生效几率（5星套装效果）#W。
320	70502130	20301009	36	-1	-1	-1	-1	100	10000	-1	-1	-1	-1	-1	-1	100	10000	70502131	0	升级后整套的套装效果将提升为：#G命中+2142#W；#G身法+82#W；#G血上限+3056#W；#G增加打怒技能对目标的生效几率（2星套装效果）#W。
321	70502131	20301009	43	-1	-1	-1	-1	100	20000	-1	-1	-1	-1	-1	-1	100	20000	70502132	1	升级后整套的套装效果将提升为：#G命中+3212#W；#G身法+122#W；#G血上限+4584#W；#G增加打怒技能对目标的生效几率（3星套装效果）#W。
322	70502132	20301009	50	-1	-1	-1	-1	100	30000	-1	-1	-1	-1	-1	-1	100	30000	70502133	1	升级后整套的套装效果将提升为：#G命中+4282#W；#G身法+164#W；#G血上限+6112#W；#G增加打怒技能对目标的生效几率（4星套装效果）#W。
323	70502133	20301009	56	-1	-1	-1	-1	100	40000	-1	-1	-1	-1	-1	-1	100	40000	70502134	1	升级后整套的套装效果将提升为：#G命中+5352#W；#G身法+204#W；#G血上限+7640#W；#G增加打怒技能对目标的生效几率（5星套装效果）#W。
324	70503000	20301009	3	-1	-1	-1	-1	100	10000	-1	-1	-1	-1	-1	-1	100	10000	70503001	0	升级后整套的套装效果将提升为：#G外功攻击+1328#W；#G命中+1718#W；#G力量+66#W；#G猛击技能释放时额外增加外功攻击（2星套装效果）#W。
325	70503001	20301009	5	-1	-1	-1	-1	100	20000	-1	-1	-1	-1	-1	-1	100	20000	70503002	1	升级后整套的套装效果将提升为：#G外功攻击+1992#W；#G命中+2576#W；#G力量+98#W；#G猛击技能释放时额外增加外功攻击（3星套装效果）#W。
326	70503002	20301009	7	-1	-1	-1	-1	100	30000	-1	-1	-1	-1	-1	-1	100	30000	70503003	1	升级后整套的套装效果将提升为：#G外功攻击+2654#W；#G命中+3434#W；#G力量+132#W；#G猛击技能释放时额外增加外功攻击（4星套装效果）#W。
327	70503003	20301009	11	-1	-1	-1	-1	100	40000	-1	-1	-1	-1	-1	-1	100	40000	70503004	1	升级后整套的套装效果将提升为：#G外功攻击+3318#W；#G命中+4292#W；#G力量+164#W；#G猛击技能释放时额外增加外功攻击（5星套装效果）#W。
328	70503005	20301009	3	-1	-1	-1	-1	100	10000	-1	-1	-1	-1	-1	-1	100	10000	70503006	0	升级后整套的套装效果将提升为：#G命中+1718#W；#G血上限+2434#W；#G力量+66#W；#G增加摔绊技能对目标的生效几率（2星套装效果）#W。
329	70503006	20301009	5	-1	-1	-1	-1	100	20000	-1	-1	-1	-1	-1	-1	100	20000	70503007	1	升级后整套的套装效果将提升为：#G命中+2576#W；#G血上限+3650#W；#G力量+98#W；#G增加摔绊技能对目标的生效几率（3星套装效果）#W。
330	70503007	20301009	7	-1	-1	-1	-1	100	30000	-1	-1	-1	-1	-1	-1	100	30000	70503008	1	升级后整套的套装效果将提升为：#G命中+3434#W；#G血上限+4868#W；#G力量+132#W；#G增加摔绊技能对目标的生效几率（4星套装效果）#W。
331	70503008	20301009	11	-1	-1	-1	-1	100	40000	-1	-1	-1	-1	-1	-1	100	40000	70503009	1	升级后整套的套装效果将提升为：#G命中+4292#W；#G血上限+6084#W；#G力量+164#W；#G增加摔绊技能对目标的生效几率（5星套装效果）#W。
332	70503010	20301009	3	-1	-1	-1	-1	100	10000	-1	-1	-1	-1	-1	-1	100	10000	70503011	0	升级后整套的套装效果将提升为：#G命中+1718#W；#G血上限+2434#W；#G力量+66#W；#G增加虚弱技能对目标的生效几率（2星套装效果）#W。
333	70503011	20301009	5	-1	-1	-1	-1	100	20000	-1	-1	-1	-1	-1	-1	100	20000	70503012	1	升级后整套的套装效果将提升为：#G命中+2576#W；#G血上限+3650#W；#G力量+98#W；#G增加虚弱技能对目标的生效几率（3星套装效果）#W。
334	70503012	20301009	7	-1	-1	-1	-1	100	30000	-1	-1	-1	-1	-1	-1	100	30000	70503013	1	升级后整套的套装效果将提升为：#G命中+3434#W；#G血上限+4868#W；#G力量+132#W；#G增加虚弱技能对目标的生效几率（4星套装效果）#W。
335	70503013	20301009	11	-1	-1	-1	-1	100	40000	-1	-1	-1	-1	-1	-1	100	40000	70503014	1	升级后整套的套装效果将提升为：#G命中+4292#W；#G血上限+6084#W；#G力量+164#W；#G增加虚弱技能对目标的生效几率（5星套装效果）#W。
336	70503015	20301009	3	-1	-1	-1	-1	100	10000	-1	-1	-1	-1	-1	-1	100	10000	70503016	0	升级后整套的套装效果将提升为：#G内功攻击+1328#W；#G命中+1718#W；#G灵气+66#W；#G烈火咒、玄雷咒、血毒咒、寒冰咒释放时额外增加对应的属性攻击（2星套装效果）#W。
337	70503016	20301009	5	-1	-1	-1	-1	100	20000	-1	-1	-1	-1	-1	-1	100	20000	70503017	1	升级后整套的套装效果将提升为：#G内功攻击+1992#W；#G命中+2576#W；#G灵气+98#W；#G烈火咒、玄雷咒、血毒咒、寒冰咒释放时额外增加对应的属性攻击（3星套装效果）#W。
338	70503017	20301009	7	-1	-1	-1	-1	100	30000	-1	-1	-1	-1	-1	-1	100	30000	70503018	1	升级后整套的套装效果将提升为：#G内功攻击+2654#W；#G命中+3434#W；#G灵气+132#W；#G烈火咒、玄雷咒、血毒咒、寒冰咒释放时额外增加对应的属性攻击（4星套装效果）#W。
339	70503018	20301009	11	-1	-1	-1	-1	100	40000	-1	-1	-1	-1	-1	-1	100	40000	70503019	1	升级后整套的套装效果将提升为：#G内功攻击+3318#W；#G命中+4292#W；#G灵气+164#W；#G烈火咒、玄雷咒、血毒咒、寒冰咒释放时额外增加对应的属性攻击（5星套装效果）#W。
340	70503020	20301009	3	-1	-1	-1	-1	100	10000	-1	-1	-1	-1	-1	-1	100	10000	70503021	0	升级后整套的套装效果将提升为：#G命中+1718#W；#G血上限+2434#W；#G灵气+66#W；#G增加摔绊技能对目标的生效几率（2星套装效果）#W。
341	70503021	20301009	5	-1	-1	-1	-1	100	20000	-1	-1	-1	-1	-1	-1	100	20000	70503022	1	升级后整套的套装效果将提升为：#G命中+2576#W；#G血上限+3650#W；#G灵气+98#W；#G增加摔绊技能对目标的生效几率（3星套装效果）#W。
342	70503022	20301009	7	-1	-1	-1	-1	100	30000	-1	-1	-1	-1	-1	-1	100	30000	70503023	1	升级后整套的套装效果将提升为：#G命中+3434#W；#G血上限+4868#W；#G灵气+132#W；#G增加摔绊技能对目标的生效几率（4星套装效果）#W。
343	70503023	20301009	11	-1	-1	-1	-1	100	40000	-1	-1	-1	-1	-1	-1	100	40000	70503024	1	升级后整套的套装效果将提升为：#G命中+4292#W；#G血上限+6084#W；#G灵气+164#W；#G增加摔绊技能对目标的生效几率（5星套装效果）#W。
344	70503025	20301009	3	-1	-1	-1	-1	100	10000	-1	-1	-1	-1	-1	-1	100	10000	70503026	0	升级后整套的套装效果将提升为：#G命中+1718#W；#G血上限+2434#W；#G灵气+66#W；#G增加虚弱技能对目标的生效几率（2星套装效果）#W。
345	70503026	20301009	5	-1	-1	-1	-1	100	20000	-1	-1	-1	-1	-1	-1	100	20000	70503027	1	升级后整套的套装效果将提升为：#G命中+2576#W；#G血上限+3650#W；#G灵气+98#W；#G增加虚弱技能对目标的生效几率（3星套装效果）#W。
346	70503027	20301009	7	-1	-1	-1	-1	100	30000	-1	-1	-1	-1	-1	-1	100	30000	70503028	1	升级后整套的套装效果将提升为：#G命中+3434#W；#G血上限+4868#W；#G灵气+132#W；#G增加虚弱技能对目标的生效几率（4星套装效果）#W。
347	70503028	20301009	11	-1	-1	-1	-1	100	40000	-1	-1	-1	-1	-1	-1	100	40000	70503029	1	升级后整套的套装效果将提升为：#G命中+4292#W；#G血上限+6084#W；#G灵气+164#W；#G增加虚弱技能对目标的生效几率（5星套装效果）#W。
348	70503030	20301009	3	-1	-1	-1	-1	100	10000	-1	-1	-1	-1	-1	-1	100	10000	70503031	0	升级后整套的套装效果将提升为：#G外功防御+1312#W；#G内功防御+1312#W；#G血上限+2434#W；#G增加灵动技能对珍兽自己的生效几率（2星套装效果）#W。
349	70503031	20301009	5	-1	-1	-1	-1	100	20000	-1	-1	-1	-1	-1	-1	100	20000	70503032	1	升级后整套的套装效果将提升为：#G外功防御+1966#W；#G内功防御+1966#W；#G血上限+3650#W；#G增加灵动技能对珍兽自己的生效几率（3星套装效果）#W。
350	70503032	20301009	7	-1	-1	-1	-1	100	30000	-1	-1	-1	-1	-1	-1	100	30000	70503033	1	升级后整套的套装效果将提升为：#G外功防御+2622#W；#G内功防御+2622#W；#G血上限+4868#W；#G增加灵动技能对珍兽自己的生效几率（4星套装效果）#W。
351	70503033	20301009	11	-1	-1	-1	-1	100	40000	-1	-1	-1	-1	-1	-1	100	40000	70503034	1	升级后整套的套装效果将提升为：#G外功防御+3276#W；#G内功防御+3276#W；#G血上限+6084#W；#G增加灵动技能对珍兽自己的生效几率（5星套装效果）#W。
352	70503035	20301009	3	-1	-1	-1	-1	100	10000	-1	-1	-1	-1	-1	-1	100	10000	70503036	0	升级后整套的套装效果将提升为：#G身法+66#W；#G命中+1718#W；#G血上限+2434#W；#G增加虚弱技能对目标的生效几率（2星套装效果）#W。
353	70503036	20301009	5	-1	-1	-1	-1	100	20000	-1	-1	-1	-1	-1	-1	100	20000	70503037	1	升级后整套的套装效果将提升为：#G身法+98#W；#G命中+2576#W；#G血上限+3650#W；#G增加虚弱技能对目标的生效几率（3星套装效果）#W。
354	70503037	20301009	7	-1	-1	-1	-1	100	30000	-1	-1	-1	-1	-1	-1	100	30000	70503038	1	升级后整套的套装效果将提升为：#G身法+132#W；#G命中+3434#W；#G血上限+4868#W；#G增加虚弱技能对目标的生效几率（4星套装效果）#W。
355	70503038	20301009	11	-1	-1	-1	-1	100	40000	-1	-1	-1	-1	-1	-1	100	40000	70503039	1	升级后整套的套装效果将提升为：#G身法+164#W；#G命中+4292#W；#G血上限+6084#W；#G增加虚弱技能对目标的生效几率（5星套装效果）#W。
356	70503040	20301009	3	-1	-1	-1	-1	100	10000	-1	-1	-1	-1	-1	-1	100	10000	70503041	0	升级后整套的套装效果将提升为：#G命中+1718#W；#G身法+66#W；#G血上限+2434#W；#G增加虚弱技能对目标的生效几率（2星套装效果）#W。
357	70503041	20301009	5	-1	-1	-1	-1	100	20000	-1	-1	-1	-1	-1	-1	100	20000	70503042	1	升级后整套的套装效果将提升为：#G命中+2576#W；#G身法+98#W；#G血上限+3650#W；#G增加虚弱技能对目标的生效几率（3星套装效果）#W。
358	70503042	20301009	7	-1	-1	-1	-1	100	30000	-1	-1	-1	-1	-1	-1	100	30000	70503043	1	升级后整套的套装效果将提升为：#G命中+3434#W；#G身法+132#W；#G血上限+4868#W；#G增加虚弱技能对目标的生效几率（4星套装效果）#W。
359	70503043	20301009	11	-1	-1	-1	-1	100	40000	-1	-1	-1	-1	-1	-1	100	40000	70503044	1	升级后整套的套装效果将提升为：#G命中+4292#W；#G身法+164#W；#G血上限+6084#W；#G增加虚弱技能对目标的生效几率（5星套装效果）#W。
360	70503045	20301009	16	-1	-1	-1	-1	100	10000	-1	-1	-1	-1	-1	-1	100	10000	70503046	0	升级后整套的套装效果将提升为：#G外功攻击+1496#W；#G命中+1930#W；#G力量+74#W；#G增加猛击技能的释放几率（2星套装效果）#W。
361	70503046	20301009	18	-1	-1	-1	-1	100	20000	-1	-1	-1	-1	-1	-1	100	20000	70503047	1	升级后整套的套装效果将提升为：#G外功攻击+2244#W；#G命中+2894#W；#G力量+110#W；#G增加猛击技能的释放几率（3星套装效果）#W。
362	70503047	20301009	20	-1	-1	-1	-1	100	30000	-1	-1	-1	-1	-1	-1	100	30000	70503048	1	升级后整套的套装效果将提升为：#G外功攻击+2990#W；#G命中+3858#W；#G力量+148#W；#G增加猛击技能的释放几率（4星套装效果）#W。
363	70503048	20301009	24	-1	-1	-1	-1	100	40000	-1	-1	-1	-1	-1	-1	100	40000	70503049	1	升级后整套的套装效果将提升为：#G外功攻击+3738#W；#G命中+4822#W；#G力量+184#W；#G增加猛击技能的释放几率（5星套装效果）#W。
364	70503050	20301009	16	-1	-1	-1	-1	100	10000	-1	-1	-1	-1	-1	-1	100	10000	70503051	0	升级后整套的套装效果将提升为：#G命中+1930#W；#G血上限+2746#W；#G力量+74#W；#G增加反震技能对目标的生效几率（2星套装效果）#W。
365	70503051	20301009	18	-1	-1	-1	-1	100	20000	-1	-1	-1	-1	-1	-1	100	20000	70503052	1	升级后整套的套装效果将提升为：#G命中+2894#W；#G血上限+4118#W；#G力量+110#W；#G增加反震技能对目标的生效几率（3星套装效果）#W。
366	70503052	20301009	20	-1	-1	-1	-1	100	30000	-1	-1	-1	-1	-1	-1	100	30000	70503053	1	升级后整套的套装效果将提升为：#G命中+3858#W；#G血上限+5490#W；#G力量+148#W；#G增加反震技能对目标的生效几率（4星套装效果）#W。
367	70503053	20301009	24	-1	-1	-1	-1	100	40000	-1	-1	-1	-1	-1	-1	100	40000	70503054	1	升级后整套的套装效果将提升为：#G命中+4822#W；#G血上限+6862#W；#G力量+184#W；#G增加反震技能对目标的生效几率（5星套装效果）#W。
368	70503055	20301009	16	-1	-1	-1	-1	100	10000	-1	-1	-1	-1	-1	-1	100	10000	70503056	0	升级后整套的套装效果将提升为：#G命中+1930#W；#G血上限+2746#W；#G力量+74#W；#G增加吸气技能对目标的生效几率（2星套装效果）#W。
369	70503056	20301009	18	-1	-1	-1	-1	100	20000	-1	-1	-1	-1	-1	-1	100	20000	70503057	1	升级后整套的套装效果将提升为：#G命中+2894#W；#G血上限+4118#W；#G力量+110#W；#G增加吸气技能对目标的生效几率（3星套装效果）#W。
370	70503057	20301009	20	-1	-1	-1	-1	100	30000	-1	-1	-1	-1	-1	-1	100	30000	70503058	1	升级后整套的套装效果将提升为：#G命中+3858#W；#G血上限+5490#W；#G力量+148#W；#G增加吸气技能对目标的生效几率（4星套装效果）#W。
371	70503058	20301009	24	-1	-1	-1	-1	100	40000	-1	-1	-1	-1	-1	-1	100	40000	70503059	1	升级后整套的套装效果将提升为：#G命中+4822#W；#G血上限+6862#W；#G力量+184#W；#G增加吸气技能对目标的生效几率（5星套装效果）#W。
372	70503060	20301009	16	-1	-1	-1	-1	100	10000	-1	-1	-1	-1	-1	-1	100	10000	70503061	0	升级后整套的套装效果将提升为：#G内功攻击+1496#W；#G命中+1930#W；#G灵气+74#W；#G痛击技能释放时额外增加内功攻击（2星套装效果）#W。
373	70503061	20301009	18	-1	-1	-1	-1	100	20000	-1	-1	-1	-1	-1	-1	100	20000	70503062	1	升级后整套的套装效果将提升为：#G内功攻击+2244#W；#G命中+2894#W；#G灵气+110#W；#G痛击技能释放时额外增加内功攻击（3星套装效果）#W。
374	70503062	20301009	20	-1	-1	-1	-1	100	30000	-1	-1	-1	-1	-1	-1	100	30000	70503063	1	升级后整套的套装效果将提升为：#G内功攻击+2990#W；#G命中+3858#W；#G灵气+148#W；#G痛击技能释放时额外增加内功攻击（4星套装效果）#W。
375	70503063	20301009	24	-1	-1	-1	-1	100	40000	-1	-1	-1	-1	-1	-1	100	40000	70503064	1	升级后整套的套装效果将提升为：#G内功攻击+3738#W；#G命中+4822#W；#G灵气+184#W；#G痛击技能释放时额外增加内功攻击（5星套装效果）#W。
376	70503065	20301009	16	-1	-1	-1	-1	100	10000	-1	-1	-1	-1	-1	-1	100	10000	70503066	0	升级后整套的套装效果将提升为：#G命中+1930#W；#G血上限+2746#W；#G灵气+74#W；#G增加反震技能对目标的生效几率（2星套装效果）#W。
377	70503066	20301009	18	-1	-1	-1	-1	100	20000	-1	-1	-1	-1	-1	-1	100	20000	70503067	1	升级后整套的套装效果将提升为：#G命中+2894#W；#G血上限+4118#W；#G灵气+110#W；#G增加反震技能对目标的生效几率（3星套装效果）#W。
378	70503067	20301009	20	-1	-1	-1	-1	100	30000	-1	-1	-1	-1	-1	-1	100	30000	70503068	1	升级后整套的套装效果将提升为：#G命中+3858#W；#G血上限+5490#W；#G灵气+148#W；#G增加反震技能对目标的生效几率（4星套装效果）#W。
379	70503068	20301009	24	-1	-1	-1	-1	100	40000	-1	-1	-1	-1	-1	-1	100	40000	70503069	1	升级后整套的套装效果将提升为：#G命中+4822#W；#G血上限+6862#W；#G灵气+184#W；#G增加反震技能对目标的生效几率（5星套装效果）#W。
380	70503070	20301009	16	-1	-1	-1	-1	100	10000	-1	-1	-1	-1	-1	-1	100	10000	70503071	0	升级后整套的套装效果将提升为：#G命中+1930#W；#G血上限+2746#W；#G灵气+74#W；#G增加吸气技能对目标的生效几率（2星套装效果）#W。
381	70503071	20301009	18	-1	-1	-1	-1	100	20000	-1	-1	-1	-1	-1	-1	100	20000	70503072	1	升级后整套的套装效果将提升为：#G命中+2894#W；#G血上限+4118#W；#G灵气+110#W；#G增加吸气技能对目标的生效几率（3星套装效果）#W。
382	70503072	20301009	20	-1	-1	-1	-1	100	30000	-1	-1	-1	-1	-1	-1	100	30000	70503073	1	升级后整套的套装效果将提升为：#G命中+3858#W；#G血上限+5490#W；#G灵气+148#W；#G增加吸气技能对目标的生效几率（4星套装效果）#W。
383	70503073	20301009	24	-1	-1	-1	-1	100	40000	-1	-1	-1	-1	-1	-1	100	40000	70503074	1	升级后整套的套装效果将提升为：#G命中+4822#W；#G血上限+6862#W；#G灵气+184#W；#G增加吸气技能对目标的生效几率（5星套装效果）#W。
384	70503075	20301009	16	-1	-1	-1	-1	100	10000	-1	-1	-1	-1	-1	-1	100	10000	70503076	0	升级后整套的套装效果将提升为：#G外功防御+1476#W；#G内功防御+1476#W；#G血上限+2746#W；#G增加忠心技能对玩家的生效几率（2星套装效果）#W。
385	70503076	20301009	18	-1	-1	-1	-1	100	20000	-1	-1	-1	-1	-1	-1	100	20000	70503077	1	升级后整套的套装效果将提升为：#G外功防御+2214#W；#G内功防御+2214#W；#G血上限+4118#W；#G增加忠心技能对玩家的生效几率（3星套装效果）#W。
386	70503077	20301009	20	-1	-1	-1	-1	100	30000	-1	-1	-1	-1	-1	-1	100	30000	70503078	1	升级后整套的套装效果将提升为：#G外功防御+2952#W；#G内功防御+2952#W；#G血上限+5490#W；#G增加忠心技能对玩家的生效几率（4星套装效果）#W。
387	70503078	20301009	24	-1	-1	-1	-1	100	40000	-1	-1	-1	-1	-1	-1	100	40000	70503079	1	升级后整套的套装效果将提升为：#G外功防御+3690#W；#G内功防御+3690#W；#G血上限+6862#W；#G增加忠心技能对玩家的生效几率（5星套装效果）#W。
388	70503080	20301009	16	-1	-1	-1	-1	100	10000	-1	-1	-1	-1	-1	-1	100	10000	70503081	0	升级后整套的套装效果将提升为：#G身法+74#W；#G命中+1930#W；#G血上限+2746#W；#G增加吸气技能对目标的生效几率（2星套装效果）#W。
389	70503081	20301009	18	-1	-1	-1	-1	100	20000	-1	-1	-1	-1	-1	-1	100	20000	70503082	1	升级后整套的套装效果将提升为：#G身法+110#W；#G命中+2894#W；#G血上限+4118#W；#G增加吸气技能对目标的生效几率（3星套装效果）#W。
390	70503082	20301009	20	-1	-1	-1	-1	100	30000	-1	-1	-1	-1	-1	-1	100	30000	70503083	1	升级后整套的套装效果将提升为：#G身法+148#W；#G命中+3858#W；#G血上限+5490#W；#G增加吸气技能对目标的生效几率（4星套装效果）#W。
391	70503083	20301009	24	-1	-1	-1	-1	100	40000	-1	-1	-1	-1	-1	-1	100	40000	70503084	1	升级后整套的套装效果将提升为：#G身法+184#W；#G命中+4822#W；#G血上限+6862#W；#G增加吸气技能对目标的生效几率（5星套装效果）#W。
392	70503085	20301009	16	-1	-1	-1	-1	100	10000	-1	-1	-1	-1	-1	-1	100	10000	70503086	0	升级后整套的套装效果将提升为：#G命中+1930#W；#G身法+74#W；#G血上限+2746#W；#G增加吸气技能对目标的生效几率（2星套装效果）#W。
393	70503086	20301009	18	-1	-1	-1	-1	100	20000	-1	-1	-1	-1	-1	-1	100	20000	70503087	1	升级后整套的套装效果将提升为：#G命中+2894#W；#G身法+110#W；#G血上限+4118#W；#G增加吸气技能对目标的生效几率（3星套装效果）#W。
394	70503087	20301009	20	-1	-1	-1	-1	100	30000	-1	-1	-1	-1	-1	-1	100	30000	70503088	1	升级后整套的套装效果将提升为：#G命中+3858#W；#G身法+148#W；#G血上限+5490#W；#G增加吸气技能对目标的生效几率（4星套装效果）#W。
395	70503088	20301009	24	-1	-1	-1	-1	100	40000	-1	-1	-1	-1	-1	-1	100	40000	70503089	1	升级后整套的套装效果将提升为：#G命中+4822#W；#G身法+184#W；#G血上限+6862#W；#G增加吸气技能对目标的生效几率（5星套装效果）#W。
396	70503090	20301009	36	-1	-1	-1	-1	100	10000	-1	-1	-1	-1	-1	-1	100	10000	70503091	0	升级后整套的套装效果将提升为：#G外功攻击+1664#W；#G命中+2142#W；#G力量+82#W；#G增加连击技能的释放几率（2星套装效果）#W。
397	70503091	20301009	43	-1	-1	-1	-1	100	20000	-1	-1	-1	-1	-1	-1	100	20000	70503092	1	升级后整套的套装效果将提升为：#G外功攻击+2496#W；#G命中+3212#W；#G力量+122#W；#G增加连击技能的释放几率（3星套装效果）#W。
398	70503092	20301009	50	-1	-1	-1	-1	100	30000	-1	-1	-1	-1	-1	-1	100	30000	70503093	1	升级后整套的套装效果将提升为：#G外功攻击+3326#W；#G命中+4282#W；#G力量+164#W；#G增加连击技能的释放几率（4星套装效果）#W。
399	70503093	20301009	56	-1	-1	-1	-1	100	40000	-1	-1	-1	-1	-1	-1	100	40000	70503094	1	升级后整套的套装效果将提升为：#G外功攻击+4158#W；#G命中+5352#W；#G力量+204#W；#G增加连击技能的释放几率（5星套装效果）#W。
400	70503095	20301009	36	-1	-1	-1	-1	100	10000	-1	-1	-1	-1	-1	-1	100	10000	70503096	0	升级后整套的套装效果将提升为：#G命中+2142#W；#G血上限+3056#W；#G力量+82#W；#G增加反击技能对目标的生效几率（2星套装效果）#W。
401	70503096	20301009	43	-1	-1	-1	-1	100	20000	-1	-1	-1	-1	-1	-1	100	20000	70503097	1	升级后整套的套装效果将提升为：#G命中+3212#W；#G血上限+4584#W；#G力量+122#W；#G增加反击技能对目标的生效几率（3星套装效果）#W。
402	70503097	20301009	50	-1	-1	-1	-1	100	30000	-1	-1	-1	-1	-1	-1	100	30000	70503098	1	升级后整套的套装效果将提升为：#G命中+4282#W；#G血上限+6112#W；#G力量+164#W；#G增加反击技能对目标的生效几率（4星套装效果）#W。
403	70503098	20301009	56	-1	-1	-1	-1	100	40000	-1	-1	-1	-1	-1	-1	100	40000	70503099	1	升级后整套的套装效果将提升为：#G命中+5352#W；#G血上限+7640#W；#G力量+204#W；#G增加反击技能对目标的生效几率（5星套装效果）#W。
404	70503100	20301009	36	-1	-1	-1	-1	100	10000	-1	-1	-1	-1	-1	-1	100	10000	70503101	0	升级后整套的套装效果将提升为：#G命中+2142#W；#G血上限+3056#W；#G力量+82#W；#G增加打怒技能对目标的生效几率（2星套装效果）#W。
405	70503101	20301009	43	-1	-1	-1	-1	100	20000	-1	-1	-1	-1	-1	-1	100	20000	70503102	1	升级后整套的套装效果将提升为：#G命中+3212#W；#G血上限+4584#W；#G力量+122#W；#G增加打怒技能对目标的生效几率（3星套装效果）#W。
406	70503102	20301009	50	-1	-1	-1	-1	100	30000	-1	-1	-1	-1	-1	-1	100	30000	70503103	1	升级后整套的套装效果将提升为：#G命中+4282#W；#G血上限+6112#W；#G力量+164#W；#G增加打怒技能对目标的生效几率（4星套装效果）#W。
407	70503103	20301009	56	-1	-1	-1	-1	100	40000	-1	-1	-1	-1	-1	-1	100	40000	70503104	1	升级后整套的套装效果将提升为：#G命中+5352#W；#G血上限+7640#W；#G力量+204#W；#G增加打怒技能对目标的生效几率（5星套装效果）#W。
408	70503105	20301009	36	-1	-1	-1	-1	100	10000	-1	-1	-1	-1	-1	-1	100	10000	70503106	0	升级后整套的套装效果将提升为：#G内功攻击+1664#W；#G命中+2142#W；#G灵气+82#W；#G增加烈火咒、玄雷咒、血毒咒、寒冰咒技能的释放几率（2星套装效果）#W。
409	70503106	20301009	43	-1	-1	-1	-1	100	20000	-1	-1	-1	-1	-1	-1	100	20000	70503107	1	升级后整套的套装效果将提升为：#G内功攻击+2496#W；#G命中+3212#W；#G灵气+122#W；#G增加烈火咒、玄雷咒、血毒咒、寒冰咒技能的释放几率（3星套装效果）#W。
410	70503107	20301009	50	-1	-1	-1	-1	100	30000	-1	-1	-1	-1	-1	-1	100	30000	70503108	1	升级后整套的套装效果将提升为：#G内功攻击+3326#W；#G命中+4282#W；#G灵气+164#W；#G增加烈火咒、玄雷咒、血毒咒、寒冰咒技能的释放几率（4星套装效果）#W。
411	70503108	20301009	56	-1	-1	-1	-1	100	40000	-1	-1	-1	-1	-1	-1	100	40000	70503109	1	升级后整套的套装效果将提升为：#G内功攻击+4158#W；#G命中+5352#W；#G灵气+204#W；#G增加烈火咒、玄雷咒、血毒咒、寒冰咒技能的释放几率（5星套装效果）#W。
412	70503110	20301009	36	-1	-1	-1	-1	100	10000	-1	-1	-1	-1	-1	-1	100	10000	70503111	0	升级后整套的套装效果将提升为：#G命中+2142#W；#G血上限+3056#W；#G灵气+82#W；#G增加反击技能对目标的生效几率（2星套装效果）#W。
413	70503111	20301009	43	-1	-1	-1	-1	100	20000	-1	-1	-1	-1	-1	-1	100	20000	70503112	1	升级后整套的套装效果将提升为：#G命中+3212#W；#G血上限+4584#W；#G灵气+122#W；#G增加反击技能对目标的生效几率（3星套装效果）#W。
414	70503112	20301009	50	-1	-1	-1	-1	100	30000	-1	-1	-1	-1	-1	-1	100	30000	70503113	1	升级后整套的套装效果将提升为：#G命中+4282#W；#G血上限+6112#W；#G灵气+164#W；#G增加反击技能对目标的生效几率（4星套装效果）#W。
415	70503113	20301009	56	-1	-1	-1	-1	100	40000	-1	-1	-1	-1	-1	-1	100	40000	70503114	1	升级后整套的套装效果将提升为：#G命中+5352#W；#G血上限+7640#W；#G灵气+204#W；#G增加反击技能对目标的生效几率（5星套装效果）#W。
416	70503115	20301009	36	-1	-1	-1	-1	100	10000	-1	-1	-1	-1	-1	-1	100	10000	70503116	0	升级后整套的套装效果将提升为：#G命中+2142#W；#G血上限+3056#W；#G灵气+82#W；#G增加打怒技能对目标的生效几率（2星套装效果）#W。
417	70503116	20301009	43	-1	-1	-1	-1	100	20000	-1	-1	-1	-1	-1	-1	100	20000	70503117	1	升级后整套的套装效果将提升为：#G命中+3212#W；#G血上限+4584#W；#G灵气+122#W；#G增加打怒技能对目标的生效几率（3星套装效果）#W。
418	70503117	20301009	50	-1	-1	-1	-1	100	30000	-1	-1	-1	-1	-1	-1	100	30000	70503118	1	升级后整套的套装效果将提升为：#G命中+4282#W；#G血上限+6112#W；#G灵气+164#W；#G增加打怒技能对目标的生效几率（4星套装效果）#W。
419	70503118	20301009	56	-1	-1	-1	-1	100	40000	-1	-1	-1	-1	-1	-1	100	40000	70503119	1	升级后整套的套装效果将提升为：#G命中+5352#W；#G血上限+7640#W；#G灵气+204#W；#G增加打怒技能对目标的生效几率（5星套装效果）#W。
420	70503120	20301009	36	-1	-1	-1	-1	100	10000	-1	-1	-1	-1	-1	-1	100	10000	70503121	0	升级后整套的套装效果将提升为：#G外功防御+1642#W；#G内功防御+1642#W；#G血上限+3056#W；#G增加灵气技能对玩家的生效几率（2星套装效果）#W。
421	70503121	20301009	43	-1	-1	-1	-1	100	20000	-1	-1	-1	-1	-1	-1	100	20000	70503122	1	升级后整套的套装效果将提升为：#G外功防御+2464#W；#G内功防御+2464#W；#G血上限+4584#W；#G增加灵气技能对玩家的生效几率（3星套装效果）#W。
422	70503122	20301009	50	-1	-1	-1	-1	100	30000	-1	-1	-1	-1	-1	-1	100	30000	70503123	1	升级后整套的套装效果将提升为：#G外功防御+3284#W；#G内功防御+3284#W；#G血上限+6112#W；#G增加灵气技能对玩家的生效几率（4星套装效果）#W。
423	70503123	20301009	56	-1	-1	-1	-1	100	40000	-1	-1	-1	-1	-1	-1	100	40000	70503124	1	升级后整套的套装效果将提升为：#G外功防御+4106#W；#G内功防御+4106#W；#G血上限+7640#W；#G增加灵气技能对玩家的生效几率（5星套装效果）#W。
424	70503125	20301009	36	-1	-1	-1	-1	100	10000	-1	-1	-1	-1	-1	-1	100	10000	70503126	0	升级后整套的套装效果将提升为：#G身法+82#W；#G命中+2142#W；#G血上限+3056#W；#G增加打怒技能对目标的生效几率（2星套装效果）#W。
425	70503126	20301009	43	-1	-1	-1	-1	100	20000	-1	-1	-1	-1	-1	-1	100	20000	70503127	1	升级后整套的套装效果将提升为：#G身法+122#W；#G命中+3212#W；#G血上限+4584#W；#G增加打怒技能对目标的生效几率（3星套装效果）#W。
426	70503127	20301009	50	-1	-1	-1	-1	100	30000	-1	-1	-1	-1	-1	-1	100	30000	70503128	1	升级后整套的套装效果将提升为：#G身法+164#W；#G命中+4282#W；#G血上限+6112#W；#G增加打怒技能对目标的生效几率（4星套装效果）#W。
427	70503128	20301009	56	-1	-1	-1	-1	100	40000	-1	-1	-1	-1	-1	-1	100	40000	70503129	1	升级后整套的套装效果将提升为：#G身法+204#W；#G命中+5352#W；#G血上限+7640#W；#G增加打怒技能对目标的生效几率（5星套装效果）#W。
428	70503130	20301009	36	-1	-1	-1	-1	100	10000	-1	-1	-1	-1	-1	-1	100	10000	70503131	0	升级后整套的套装效果将提升为：#G命中+2142#W；#G身法+82#W；#G血上限+3056#W；#G增加打怒技能对目标的生效几率（2星套装效果）#W。
429	70503131	20301009	43	-1	-1	-1	-1	100	20000	-1	-1	-1	-1	-1	-1	100	20000	70503132	1	升级后整套的套装效果将提升为：#G命中+3212#W；#G身法+122#W；#G血上限+4584#W；#G增加打怒技能对目标的生效几率（3星套装效果）#W。
430	70503132	20301009	50	-1	-1	-1	-1	100	30000	-1	-1	-1	-1	-1	-1	100	30000	70503133	1	升级后整套的套装效果将提升为：#G命中+4282#W；#G身法+164#W；#G血上限+6112#W；#G增加打怒技能对目标的生效几率（4星套装效果）#W。
431	70503133	20301009	56	-1	-1	-1	-1	100	40000	-1	-1	-1	-1	-1	-1	100	40000	70503134	1	升级后整套的套装效果将提升为：#G命中+5352#W；#G身法+204#W；#G血上限+7640#W；#G增加打怒技能对目标的生效几率（5星套装效果）#W。
432	70504000	20301009	3	-1	-1	-1	-1	100	10000	-1	-1	-1	-1	-1	-1	100	10000	70504001	0	升级后整套的套装效果将提升为：#G外功攻击+1328#W；#G命中+1718#W；#G力量+66#W；#G猛击技能释放时额外增加外功攻击（2星套装效果）#W。
433	70504001	20301009	5	-1	-1	-1	-1	100	20000	-1	-1	-1	-1	-1	-1	100	20000	70504002	1	升级后整套的套装效果将提升为：#G外功攻击+1992#W；#G命中+2576#W；#G力量+98#W；#G猛击技能释放时额外增加外功攻击（3星套装效果）#W。
434	70504002	20301009	7	-1	-1	-1	-1	100	30000	-1	-1	-1	-1	-1	-1	100	30000	70504003	1	升级后整套的套装效果将提升为：#G外功攻击+2654#W；#G命中+3434#W；#G力量+132#W；#G猛击技能释放时额外增加外功攻击（4星套装效果）#W。
435	70504003	20301009	11	-1	-1	-1	-1	100	40000	-1	-1	-1	-1	-1	-1	100	40000	70504004	1	升级后整套的套装效果将提升为：#G外功攻击+3318#W；#G命中+4292#W；#G力量+164#W；#G猛击技能释放时额外增加外功攻击（5星套装效果）#W。
436	70504005	20301009	3	-1	-1	-1	-1	100	10000	-1	-1	-1	-1	-1	-1	100	10000	70504006	0	升级后整套的套装效果将提升为：#G命中+1718#W；#G血上限+2434#W；#G力量+66#W；#G增加摔绊技能对目标的生效几率（2星套装效果）#W。
437	70504006	20301009	5	-1	-1	-1	-1	100	20000	-1	-1	-1	-1	-1	-1	100	20000	70504007	1	升级后整套的套装效果将提升为：#G命中+2576#W；#G血上限+3650#W；#G力量+98#W；#G增加摔绊技能对目标的生效几率（3星套装效果）#W。
438	70504007	20301009	7	-1	-1	-1	-1	100	30000	-1	-1	-1	-1	-1	-1	100	30000	70504008	1	升级后整套的套装效果将提升为：#G命中+3434#W；#G血上限+4868#W；#G力量+132#W；#G增加摔绊技能对目标的生效几率（4星套装效果）#W。
439	70504008	20301009	11	-1	-1	-1	-1	100	40000	-1	-1	-1	-1	-1	-1	100	40000	70504009	1	升级后整套的套装效果将提升为：#G命中+4292#W；#G血上限+6084#W；#G力量+164#W；#G增加摔绊技能对目标的生效几率（5星套装效果）#W。
440	70504010	20301009	3	-1	-1	-1	-1	100	10000	-1	-1	-1	-1	-1	-1	100	10000	70504011	0	升级后整套的套装效果将提升为：#G命中+1718#W；#G血上限+2434#W；#G力量+66#W；#G增加虚弱技能对目标的生效几率（2星套装效果）#W。
441	70504011	20301009	5	-1	-1	-1	-1	100	20000	-1	-1	-1	-1	-1	-1	100	20000	70504012	1	升级后整套的套装效果将提升为：#G命中+2576#W；#G血上限+3650#W；#G力量+98#W；#G增加虚弱技能对目标的生效几率（3星套装效果）#W。
442	70504012	20301009	7	-1	-1	-1	-1	100	30000	-1	-1	-1	-1	-1	-1	100	30000	70504013	1	升级后整套的套装效果将提升为：#G命中+3434#W；#G血上限+4868#W；#G力量+132#W；#G增加虚弱技能对目标的生效几率（4星套装效果）#W。
443	70504013	20301009	11	-1	-1	-1	-1	100	40000	-1	-1	-1	-1	-1	-1	100	40000	70504014	1	升级后整套的套装效果将提升为：#G命中+4292#W；#G血上限+6084#W；#G力量+164#W；#G增加虚弱技能对目标的生效几率（5星套装效果）#W。
444	70504015	20301009	3	-1	-1	-1	-1	100	10000	-1	-1	-1	-1	-1	-1	100	10000	70504016	0	升级后整套的套装效果将提升为：#G内功攻击+1328#W；#G命中+1718#W；#G灵气+66#W；#G烈火咒、玄雷咒、血毒咒、寒冰咒释放时额外增加对应的属性攻击（2星套装效果）#W。
445	70504016	20301009	5	-1	-1	-1	-1	100	20000	-1	-1	-1	-1	-1	-1	100	20000	70504017	1	升级后整套的套装效果将提升为：#G内功攻击+1992#W；#G命中+2576#W；#G灵气+98#W；#G烈火咒、玄雷咒、血毒咒、寒冰咒释放时额外增加对应的属性攻击（3星套装效果）#W。
446	70504017	20301009	7	-1	-1	-1	-1	100	30000	-1	-1	-1	-1	-1	-1	100	30000	70504018	1	升级后整套的套装效果将提升为：#G内功攻击+2654#W；#G命中+3434#W；#G灵气+132#W；#G烈火咒、玄雷咒、血毒咒、寒冰咒释放时额外增加对应的属性攻击（4星套装效果）#W。
447	70504018	20301009	11	-1	-1	-1	-1	100	40000	-1	-1	-1	-1	-1	-1	100	40000	70504019	1	升级后整套的套装效果将提升为：#G内功攻击+3318#W；#G命中+4292#W；#G灵气+164#W；#G烈火咒、玄雷咒、血毒咒、寒冰咒释放时额外增加对应的属性攻击（5星套装效果）#W。
448	70504020	20301009	3	-1	-1	-1	-1	100	10000	-1	-1	-1	-1	-1	-1	100	10000	70504021	0	升级后整套的套装效果将提升为：#G命中+1718#W；#G血上限+2434#W；#G灵气+66#W；#G增加摔绊技能对目标的生效几率（2星套装效果）#W。
449	70504021	20301009	5	-1	-1	-1	-1	100	20000	-1	-1	-1	-1	-1	-1	100	20000	70504022	1	升级后整套的套装效果将提升为：#G命中+2576#W；#G血上限+3650#W；#G灵气+98#W；#G增加摔绊技能对目标的生效几率（3星套装效果）#W。
450	70504022	20301009	7	-1	-1	-1	-1	100	30000	-1	-1	-1	-1	-1	-1	100	30000	70504023	1	升级后整套的套装效果将提升为：#G命中+3434#W；#G血上限+4868#W；#G灵气+132#W；#G增加摔绊技能对目标的生效几率（4星套装效果）#W。
451	70504023	20301009	11	-1	-1	-1	-1	100	40000	-1	-1	-1	-1	-1	-1	100	40000	70504024	1	升级后整套的套装效果将提升为：#G命中+4292#W；#G血上限+6084#W；#G灵气+164#W；#G增加摔绊技能对目标的生效几率（5星套装效果）#W。
452	70504025	20301009	3	-1	-1	-1	-1	100	10000	-1	-1	-1	-1	-1	-1	100	10000	70504026	0	升级后整套的套装效果将提升为：#G命中+1718#W；#G血上限+2434#W；#G灵气+66#W；#G增加虚弱技能对目标的生效几率（2星套装效果）#W。
453	70504026	20301009	5	-1	-1	-1	-1	100	20000	-1	-1	-1	-1	-1	-1	100	20000	70504027	1	升级后整套的套装效果将提升为：#G命中+2576#W；#G血上限+3650#W；#G灵气+98#W；#G增加虚弱技能对目标的生效几率（3星套装效果）#W。
454	70504027	20301009	7	-1	-1	-1	-1	100	30000	-1	-1	-1	-1	-1	-1	100	30000	70504028	1	升级后整套的套装效果将提升为：#G命中+3434#W；#G血上限+4868#W；#G灵气+132#W；#G增加虚弱技能对目标的生效几率（4星套装效果）#W。
455	70504028	20301009	11	-1	-1	-1	-1	100	40000	-1	-1	-1	-1	-1	-1	100	40000	70504029	1	升级后整套的套装效果将提升为：#G命中+4292#W；#G血上限+6084#W；#G灵气+164#W；#G增加虚弱技能对目标的生效几率（5星套装效果）#W。
456	70504030	20301009	3	-1	-1	-1	-1	100	10000	-1	-1	-1	-1	-1	-1	100	10000	70504031	0	升级后整套的套装效果将提升为：#G外功防御+1312#W；#G内功防御+1312#W；#G血上限+2434#W；#G增加灵动技能对珍兽自己的生效几率（2星套装效果）#W。
457	70504031	20301009	5	-1	-1	-1	-1	100	20000	-1	-1	-1	-1	-1	-1	100	20000	70504032	1	升级后整套的套装效果将提升为：#G外功防御+1966#W；#G内功防御+1966#W；#G血上限+3650#W；#G增加灵动技能对珍兽自己的生效几率（3星套装效果）#W。
458	70504032	20301009	7	-1	-1	-1	-1	100	30000	-1	-1	-1	-1	-1	-1	100	30000	70504033	1	升级后整套的套装效果将提升为：#G外功防御+2622#W；#G内功防御+2622#W；#G血上限+4868#W；#G增加灵动技能对珍兽自己的生效几率（4星套装效果）#W。
459	70504033	20301009	11	-1	-1	-1	-1	100	40000	-1	-1	-1	-1	-1	-1	100	40000	70504034	1	升级后整套的套装效果将提升为：#G外功防御+3276#W；#G内功防御+3276#W；#G血上限+6084#W；#G增加灵动技能对珍兽自己的生效几率（5星套装效果）#W。
460	70504035	20301009	3	-1	-1	-1	-1	100	10000	-1	-1	-1	-1	-1	-1	100	10000	70504036	0	升级后整套的套装效果将提升为：#G身法+66#W；#G命中+1718#W；#G血上限+2434#W；#G增加虚弱技能对目标的生效几率（2星套装效果）#W。
461	70504036	20301009	5	-1	-1	-1	-1	100	20000	-1	-1	-1	-1	-1	-1	100	20000	70504037	1	升级后整套的套装效果将提升为：#G身法+98#W；#G命中+2576#W；#G血上限+3650#W；#G增加虚弱技能对目标的生效几率（3星套装效果）#W。
462	70504037	20301009	7	-1	-1	-1	-1	100	30000	-1	-1	-1	-1	-1	-1	100	30000	70504038	1	升级后整套的套装效果将提升为：#G身法+132#W；#G命中+3434#W；#G血上限+4868#W；#G增加虚弱技能对目标的生效几率（4星套装效果）#W。
463	70504038	20301009	11	-1	-1	-1	-1	100	40000	-1	-1	-1	-1	-1	-1	100	40000	70504039	1	升级后整套的套装效果将提升为：#G身法+164#W；#G命中+4292#W；#G血上限+6084#W；#G增加虚弱技能对目标的生效几率（5星套装效果）#W。
464	70504040	20301009	3	-1	-1	-1	-1	100	10000	-1	-1	-1	-1	-1	-1	100	10000	70504041	0	升级后整套的套装效果将提升为：#G命中+1718#W；#G身法+66#W；#G血上限+2434#W；#G增加虚弱技能对目标的生效几率（2星套装效果）#W。
465	70504041	20301009	5	-1	-1	-1	-1	100	20000	-1	-1	-1	-1	-1	-1	100	20000	70504042	1	升级后整套的套装效果将提升为：#G命中+2576#W；#G身法+98#W；#G血上限+3650#W；#G增加虚弱技能对目标的生效几率（3星套装效果）#W。
466	70504042	20301009	7	-1	-1	-1	-1	100	30000	-1	-1	-1	-1	-1	-1	100	30000	70504043	1	升级后整套的套装效果将提升为：#G命中+3434#W；#G身法+132#W；#G血上限+4868#W；#G增加虚弱技能对目标的生效几率（4星套装效果）#W。
467	70504043	20301009	11	-1	-1	-1	-1	100	40000	-1	-1	-1	-1	-1	-1	100	40000	70504044	1	升级后整套的套装效果将提升为：#G命中+4292#W；#G身法+164#W；#G血上限+6084#W；#G增加虚弱技能对目标的生效几率（5星套装效果）#W。
468	70504045	20301009	16	-1	-1	-1	-1	100	10000	-1	-1	-1	-1	-1	-1	100	10000	70504046	0	升级后整套的套装效果将提升为：#G外功攻击+1496#W；#G命中+1930#W；#G力量+74#W；#G增加猛击技能的释放几率（2星套装效果）#W。
469	70504046	20301009	18	-1	-1	-1	-1	100	20000	-1	-1	-1	-1	-1	-1	100	20000	70504047	1	升级后整套的套装效果将提升为：#G外功攻击+2244#W；#G命中+2894#W；#G力量+110#W；#G增加猛击技能的释放几率（3星套装效果）#W。
470	70504047	20301009	20	-1	-1	-1	-1	100	30000	-1	-1	-1	-1	-1	-1	100	30000	70504048	1	升级后整套的套装效果将提升为：#G外功攻击+2990#W；#G命中+3858#W；#G力量+148#W；#G增加猛击技能的释放几率（4星套装效果）#W。
471	70504048	20301009	24	-1	-1	-1	-1	100	40000	-1	-1	-1	-1	-1	-1	100	40000	70504049	1	升级后整套的套装效果将提升为：#G外功攻击+3738#W；#G命中+4822#W；#G力量+184#W；#G增加猛击技能的释放几率（5星套装效果）#W。
472	70504050	20301009	16	-1	-1	-1	-1	100	10000	-1	-1	-1	-1	-1	-1	100	10000	70504051	0	升级后整套的套装效果将提升为：#G命中+1930#W；#G血上限+2746#W；#G力量+74#W；#G增加反震技能对目标的生效几率（2星套装效果）#W。
473	70504051	20301009	18	-1	-1	-1	-1	100	20000	-1	-1	-1	-1	-1	-1	100	20000	70504052	1	升级后整套的套装效果将提升为：#G命中+2894#W；#G血上限+4118#W；#G力量+110#W；#G增加反震技能对目标的生效几率（3星套装效果）#W。
474	70504052	20301009	20	-1	-1	-1	-1	100	30000	-1	-1	-1	-1	-1	-1	100	30000	70504053	1	升级后整套的套装效果将提升为：#G命中+3858#W；#G血上限+5490#W；#G力量+148#W；#G增加反震技能对目标的生效几率（4星套装效果）#W。
475	70504053	20301009	24	-1	-1	-1	-1	100	40000	-1	-1	-1	-1	-1	-1	100	40000	70504054	1	升级后整套的套装效果将提升为：#G命中+4822#W；#G血上限+6862#W；#G力量+184#W；#G增加反震技能对目标的生效几率（5星套装效果）#W。
476	70504055	20301009	16	-1	-1	-1	-1	100	10000	-1	-1	-1	-1	-1	-1	100	10000	70504056	0	升级后整套的套装效果将提升为：#G命中+1930#W；#G血上限+2746#W；#G力量+74#W；#G增加吸气技能对目标的生效几率（2星套装效果）#W。
477	70504056	20301009	18	-1	-1	-1	-1	100	20000	-1	-1	-1	-1	-1	-1	100	20000	70504057	1	升级后整套的套装效果将提升为：#G命中+2894#W；#G血上限+4118#W；#G力量+110#W；#G增加吸气技能对目标的生效几率（3星套装效果）#W。
478	70504057	20301009	20	-1	-1	-1	-1	100	30000	-1	-1	-1	-1	-1	-1	100	30000	70504058	1	升级后整套的套装效果将提升为：#G命中+3858#W；#G血上限+5490#W；#G力量+148#W；#G增加吸气技能对目标的生效几率（4星套装效果）#W。
479	70504058	20301009	24	-1	-1	-1	-1	100	40000	-1	-1	-1	-1	-1	-1	100	40000	70504059	1	升级后整套的套装效果将提升为：#G命中+4822#W；#G血上限+6862#W；#G力量+184#W；#G增加吸气技能对目标的生效几率（5星套装效果）#W。
480	70504060	20301009	16	-1	-1	-1	-1	100	10000	-1	-1	-1	-1	-1	-1	100	10000	70504061	0	升级后整套的套装效果将提升为：#G内功攻击+1496#W；#G命中+1930#W；#G灵气+74#W；#G痛击技能释放时额外增加内功攻击（2星套装效果）#W。
481	70504061	20301009	18	-1	-1	-1	-1	100	20000	-1	-1	-1	-1	-1	-1	100	20000	70504062	1	升级后整套的套装效果将提升为：#G内功攻击+2244#W；#G命中+2894#W；#G灵气+110#W；#G痛击技能释放时额外增加内功攻击（3星套装效果）#W。
482	70504062	20301009	20	-1	-1	-1	-1	100	30000	-1	-1	-1	-1	-1	-1	100	30000	70504063	1	升级后整套的套装效果将提升为：#G内功攻击+2990#W；#G命中+3858#W；#G灵气+148#W；#G痛击技能释放时额外增加内功攻击（4星套装效果）#W。
483	70504063	20301009	24	-1	-1	-1	-1	100	40000	-1	-1	-1	-1	-1	-1	100	40000	70504064	1	升级后整套的套装效果将提升为：#G内功攻击+3738#W；#G命中+4822#W；#G灵气+184#W；#G痛击技能释放时额外增加内功攻击（5星套装效果）#W。
484	70504065	20301009	16	-1	-1	-1	-1	100	10000	-1	-1	-1	-1	-1	-1	100	10000	70504066	0	升级后整套的套装效果将提升为：#G命中+1930#W；#G血上限+2746#W；#G灵气+74#W；#G增加反震技能对目标的生效几率（2星套装效果）#W。
485	70504066	20301009	18	-1	-1	-1	-1	100	20000	-1	-1	-1	-1	-1	-1	100	20000	70504067	1	升级后整套的套装效果将提升为：#G命中+2894#W；#G血上限+4118#W；#G灵气+110#W；#G增加反震技能对目标的生效几率（3星套装效果）#W。
486	70504067	20301009	20	-1	-1	-1	-1	100	30000	-1	-1	-1	-1	-1	-1	100	30000	70504068	1	升级后整套的套装效果将提升为：#G命中+3858#W；#G血上限+5490#W；#G灵气+148#W；#G增加反震技能对目标的生效几率（4星套装效果）#W。
487	70504068	20301009	24	-1	-1	-1	-1	100	40000	-1	-1	-1	-1	-1	-1	100	40000	70504069	1	升级后整套的套装效果将提升为：#G命中+4822#W；#G血上限+6862#W；#G灵气+184#W；#G增加反震技能对目标的生效几率（5星套装效果）#W。
488	70504070	20301009	16	-1	-1	-1	-1	100	10000	-1	-1	-1	-1	-1	-1	100	10000	70504071	0	升级后整套的套装效果将提升为：#G命中+1930#W；#G血上限+2746#W；#G灵气+74#W；#G增加吸气技能对目标的生效几率（2星套装效果）#W。
489	70504071	20301009	18	-1	-1	-1	-1	100	20000	-1	-1	-1	-1	-1	-1	100	20000	70504072	1	升级后整套的套装效果将提升为：#G命中+2894#W；#G血上限+4118#W；#G灵气+110#W；#G增加吸气技能对目标的生效几率（3星套装效果）#W。
490	70504072	20301009	20	-1	-1	-1	-1	100	30000	-1	-1	-1	-1	-1	-1	100	30000	70504073	1	升级后整套的套装效果将提升为：#G命中+3858#W；#G血上限+5490#W；#G灵气+148#W；#G增加吸气技能对目标的生效几率（4星套装效果）#W。
491	70504073	20301009	24	-1	-1	-1	-1	100	40000	-1	-1	-1	-1	-1	-1	100	40000	70504074	1	升级后整套的套装效果将提升为：#G命中+4822#W；#G血上限+6862#W；#G灵气+184#W；#G增加吸气技能对目标的生效几率（5星套装效果）#W。
492	70504075	20301009	16	-1	-1	-1	-1	100	10000	-1	-1	-1	-1	-1	-1	100	10000	70504076	0	升级后整套的套装效果将提升为：#G外功防御+1476#W；#G内功防御+1476#W；#G血上限+2746#W；#G增加忠心技能对玩家的生效几率（2星套装效果）#W。
493	70504076	20301009	18	-1	-1	-1	-1	100	20000	-1	-1	-1	-1	-1	-1	100	20000	70504077	1	升级后整套的套装效果将提升为：#G外功防御+2214#W；#G内功防御+2214#W；#G血上限+4118#W；#G增加忠心技能对玩家的生效几率（3星套装效果）#W。
494	70504077	20301009	20	-1	-1	-1	-1	100	30000	-1	-1	-1	-1	-1	-1	100	30000	70504078	1	升级后整套的套装效果将提升为：#G外功防御+2952#W；#G内功防御+2952#W；#G血上限+5490#W；#G增加忠心技能对玩家的生效几率（4星套装效果）#W。
495	70504078	20301009	24	-1	-1	-1	-1	100	40000	-1	-1	-1	-1	-1	-1	100	40000	70504079	1	升级后整套的套装效果将提升为：#G外功防御+3690#W；#G内功防御+3690#W；#G血上限+6862#W；#G增加忠心技能对玩家的生效几率（5星套装效果）#W。
496	70504080	20301009	16	-1	-1	-1	-1	100	10000	-1	-1	-1	-1	-1	-1	100	10000	70504081	0	升级后整套的套装效果将提升为：#G身法+74#W；#G命中+1930#W；#G血上限+2746#W；#G增加吸气技能对目标的生效几率（2星套装效果）#W。
497	70504081	20301009	18	-1	-1	-1	-1	100	20000	-1	-1	-1	-1	-1	-1	100	20000	70504082	1	升级后整套的套装效果将提升为：#G身法+110#W；#G命中+2894#W；#G血上限+4118#W；#G增加吸气技能对目标的生效几率（3星套装效果）#W。
498	70504082	20301009	20	-1	-1	-1	-1	100	30000	-1	-1	-1	-1	-1	-1	100	30000	70504083	1	升级后整套的套装效果将提升为：#G身法+148#W；#G命中+3858#W；#G血上限+5490#W；#G增加吸气技能对目标的生效几率（4星套装效果）#W。
499	70504083	20301009	24	-1	-1	-1	-1	100	40000	-1	-1	-1	-1	-1	-1	100	40000	70504084	1	升级后整套的套装效果将提升为：#G身法+184#W；#G命中+4822#W；#G血上限+6862#W；#G增加吸气技能对目标的生效几率（5星套装效果）#W。
500	70504085	20301009	16	-1	-1	-1	-1	100	10000	-1	-1	-1	-1	-1	-1	100	10000	70504086	0	升级后整套的套装效果将提升为：#G命中+1930#W；#G身法+74#W；#G血上限+2746#W；#G增加吸气技能对目标的生效几率（2星套装效果）#W。
501	70504086	20301009	18	-1	-1	-1	-1	100	20000	-1	-1	-1	-1	-1	-1	100	20000	70504087	1	升级后整套的套装效果将提升为：#G命中+2894#W；#G身法+110#W；#G血上限+4118#W；#G增加吸气技能对目标的生效几率（3星套装效果）#W。
502	70504087	20301009	20	-1	-1	-1	-1	100	30000	-1	-1	-1	-1	-1	-1	100	30000	70504088	1	升级后整套的套装效果将提升为：#G命中+3858#W；#G身法+148#W；#G血上限+5490#W；#G增加吸气技能对目标的生效几率（4星套装效果）#W。
503	70504088	20301009	24	-1	-1	-1	-1	100	40000	-1	-1	-1	-1	-1	-1	100	40000	70504089	1	升级后整套的套装效果将提升为：#G命中+4822#W；#G身法+184#W；#G血上限+6862#W；#G增加吸气技能对目标的生效几率（5星套装效果）#W。
504	70504090	20301009	36	-1	-1	-1	-1	100	10000	-1	-1	-1	-1	-1	-1	100	10000	70504091	0	升级后整套的套装效果将提升为：#G外功攻击+1664#W；#G命中+2142#W；#G力量+82#W；#G增加连击技能的释放几率（2星套装效果）#W。
505	70504091	20301009	43	-1	-1	-1	-1	100	20000	-1	-1	-1	-1	-1	-1	100	20000	70504092	1	升级后整套的套装效果将提升为：#G外功攻击+2496#W；#G命中+3212#W；#G力量+122#W；#G增加连击技能的释放几率（3星套装效果）#W。
506	70504092	20301009	50	-1	-1	-1	-1	100	30000	-1	-1	-1	-1	-1	-1	100	30000	70504093	1	升级后整套的套装效果将提升为：#G外功攻击+3326#W；#G命中+4282#W；#G力量+164#W；#G增加连击技能的释放几率（4星套装效果）#W。
507	70504093	20301009	56	-1	-1	-1	-1	100	40000	-1	-1	-1	-1	-1	-1	100	40000	70504094	1	升级后整套的套装效果将提升为：#G外功攻击+4158#W；#G命中+5352#W；#G力量+204#W；#G增加连击技能的释放几率（5星套装效果）#W。
508	70504095	20301009	36	-1	-1	-1	-1	100	10000	-1	-1	-1	-1	-1	-1	100	10000	70504096	0	升级后整套的套装效果将提升为：#G命中+2142#W；#G血上限+3056#W；#G力量+82#W；#G增加反击技能对目标的生效几率（2星套装效果）#W。
509	70504096	20301009	43	-1	-1	-1	-1	100	20000	-1	-1	-1	-1	-1	-1	100	20000	70504097	1	升级后整套的套装效果将提升为：#G命中+3212#W；#G血上限+4584#W；#G力量+122#W；#G增加反击技能对目标的生效几率（3星套装效果）#W。
510	70504097	20301009	50	-1	-1	-1	-1	100	30000	-1	-1	-1	-1	-1	-1	100	30000	70504098	1	升级后整套的套装效果将提升为：#G命中+4282#W；#G血上限+6112#W；#G力量+164#W；#G增加反击技能对目标的生效几率（4星套装效果）#W。
511	70504098	20301009	56	-1	-1	-1	-1	100	40000	-1	-1	-1	-1	-1	-1	100	40000	70504099	1	升级后整套的套装效果将提升为：#G命中+5352#W；#G血上限+7640#W；#G力量+204#W；#G增加反击技能对目标的生效几率（5星套装效果）#W。
512	70504100	20301009	36	-1	-1	-1	-1	100	10000	-1	-1	-1	-1	-1	-1	100	10000	70504101	0	升级后整套的套装效果将提升为：#G命中+2142#W；#G血上限+3056#W；#G力量+82#W；#G增加打怒技能对目标的生效几率（2星套装效果）#W。
513	70504101	20301009	43	-1	-1	-1	-1	100	20000	-1	-1	-1	-1	-1	-1	100	20000	70504102	1	升级后整套的套装效果将提升为：#G命中+3212#W；#G血上限+4584#W；#G力量+122#W；#G增加打怒技能对目标的生效几率（3星套装效果）#W。
514	70504102	20301009	50	-1	-1	-1	-1	100	30000	-1	-1	-1	-1	-1	-1	100	30000	70504103	1	升级后整套的套装效果将提升为：#G命中+4282#W；#G血上限+6112#W；#G力量+164#W；#G增加打怒技能对目标的生效几率（4星套装效果）#W。
515	70504103	20301009	56	-1	-1	-1	-1	100	40000	-1	-1	-1	-1	-1	-1	100	40000	70504104	1	升级后整套的套装效果将提升为：#G命中+5352#W；#G血上限+7640#W；#G力量+204#W；#G增加打怒技能对目标的生效几率（5星套装效果）#W。
516	70504105	20301009	36	-1	-1	-1	-1	100	10000	-1	-1	-1	-1	-1	-1	100	10000	70504106	0	升级后整套的套装效果将提升为：#G内功攻击+1664#W；#G命中+2142#W；#G灵气+82#W；#G增加烈火咒、玄雷咒、血毒咒、寒冰咒技能的释放几率（2星套装效果）#W。
517	70504106	20301009	43	-1	-1	-1	-1	100	20000	-1	-1	-1	-1	-1	-1	100	20000	70504107	1	升级后整套的套装效果将提升为：#G内功攻击+2496#W；#G命中+3212#W；#G灵气+122#W；#G增加烈火咒、玄雷咒、血毒咒、寒冰咒技能的释放几率（3星套装效果）#W。
518	70504107	20301009	50	-1	-1	-1	-1	100	30000	-1	-1	-1	-1	-1	-1	100	30000	70504108	1	升级后整套的套装效果将提升为：#G内功攻击+3326#W；#G命中+4282#W；#G灵气+164#W；#G增加烈火咒、玄雷咒、血毒咒、寒冰咒技能的释放几率（4星套装效果）#W。
519	70504108	20301009	56	-1	-1	-1	-1	100	40000	-1	-1	-1	-1	-1	-1	100	40000	70504109	1	升级后整套的套装效果将提升为：#G内功攻击+4158#W；#G命中+5352#W；#G灵气+204#W；#G增加烈火咒、玄雷咒、血毒咒、寒冰咒技能的释放几率（5星套装效果）#W。
520	70504110	20301009	36	-1	-1	-1	-1	100	10000	-1	-1	-1	-1	-1	-1	100	10000	70504111	0	升级后整套的套装效果将提升为：#G命中+2142#W；#G血上限+3056#W；#G灵气+82#W；#G增加反击技能对目标的生效几率（2星套装效果）#W。
521	70504111	20301009	43	-1	-1	-1	-1	100	20000	-1	-1	-1	-1	-1	-1	100	20000	70504112	1	升级后整套的套装效果将提升为：#G命中+3212#W；#G血上限+4584#W；#G灵气+122#W；#G增加反击技能对目标的生效几率（3星套装效果）#W。
522	70504112	20301009	50	-1	-1	-1	-1	100	30000	-1	-1	-1	-1	-1	-1	100	30000	70504113	1	升级后整套的套装效果将提升为：#G命中+4282#W；#G血上限+6112#W；#G灵气+164#W；#G增加反击技能对目标的生效几率（4星套装效果）#W。
523	70504113	20301009	56	-1	-1	-1	-1	100	40000	-1	-1	-1	-1	-1	-1	100	40000	70504114	1	升级后整套的套装效果将提升为：#G命中+5352#W；#G血上限+7640#W；#G灵气+204#W；#G增加反击技能对目标的生效几率（5星套装效果）#W。
524	70504115	20301009	36	-1	-1	-1	-1	100	10000	-1	-1	-1	-1	-1	-1	100	10000	70504116	0	升级后整套的套装效果将提升为：#G命中+2142#W；#G血上限+3056#W；#G灵气+82#W；#G增加打怒技能对目标的生效几率（2星套装效果）#W。
525	70504116	20301009	43	-1	-1	-1	-1	100	20000	-1	-1	-1	-1	-1	-1	100	20000	70504117	1	升级后整套的套装效果将提升为：#G命中+3212#W；#G血上限+4584#W；#G灵气+122#W；#G增加打怒技能对目标的生效几率（3星套装效果）#W。
526	70504117	20301009	50	-1	-1	-1	-1	100	30000	-1	-1	-1	-1	-1	-1	100	30000	70504118	1	升级后整套的套装效果将提升为：#G命中+4282#W；#G血上限+6112#W；#G灵气+164#W；#G增加打怒技能对目标的生效几率（4星套装效果）#W。
527	70504118	20301009	56	-1	-1	-1	-1	100	40000	-1	-1	-1	-1	-1	-1	100	40000	70504119	1	升级后整套的套装效果将提升为：#G命中+5352#W；#G血上限+7640#W；#G灵气+204#W；#G增加打怒技能对目标的生效几率（5星套装效果）#W。
528	70504120	20301009	36	-1	-1	-1	-1	100	10000	-1	-1	-1	-1	-1	-1	100	10000	70504121	0	升级后整套的套装效果将提升为：#G外功防御+1642#W；#G内功防御+1642#W；#G血上限+3056#W；#G增加灵气技能对玩家的生效几率（2星套装效果）#W。
529	70504121	20301009	43	-1	-1	-1	-1	100	20000	-1	-1	-1	-1	-1	-1	100	20000	70504122	1	升级后整套的套装效果将提升为：#G外功防御+2464#W；#G内功防御+2464#W；#G血上限+4584#W；#G增加灵气技能对玩家的生效几率（3星套装效果）#W。
530	70504122	20301009	50	-1	-1	-1	-1	100	30000	-1	-1	-1	-1	-1	-1	100	30000	70504123	1	升级后整套的套装效果将提升为：#G外功防御+3284#W；#G内功防御+3284#W；#G血上限+6112#W；#G增加灵气技能对玩家的生效几率（4星套装效果）#W。
531	70504123	20301009	56	-1	-1	-1	-1	100	40000	-1	-1	-1	-1	-1	-1	100	40000	70504124	1	升级后整套的套装效果将提升为：#G外功防御+4106#W；#G内功防御+4106#W；#G血上限+7640#W；#G增加灵气技能对玩家的生效几率（5星套装效果）#W。
532	70504125	20301009	36	-1	-1	-1	-1	100	10000	-1	-1	-1	-1	-1	-1	100	10000	70504126	0	升级后整套的套装效果将提升为：#G身法+82#W；#G命中+2142#W；#G血上限+3056#W；#G增加打怒技能对目标的生效几率（2星套装效果）#W。
533	70504126	20301009	43	-1	-1	-1	-1	100	20000	-1	-1	-1	-1	-1	-1	100	20000	70504127	1	升级后整套的套装效果将提升为：#G身法+122#W；#G命中+3212#W；#G血上限+4584#W；#G增加打怒技能对目标的生效几率（3星套装效果）#W。
534	70504127	20301009	50	-1	-1	-1	-1	100	30000	-1	-1	-1	-1	-1	-1	100	30000	70504128	1	升级后整套的套装效果将提升为：#G身法+164#W；#G命中+4282#W；#G血上限+6112#W；#G增加打怒技能对目标的生效几率（4星套装效果）#W。
535	70504128	20301009	56	-1	-1	-1	-1	100	40000	-1	-1	-1	-1	-1	-1	100	40000	70504129	1	升级后整套的套装效果将提升为：#G身法+204#W；#G命中+5352#W；#G血上限+7640#W；#G增加打怒技能对目标的生效几率（5星套装效果）#W。
536	70504130	20301009	36	-1	-1	-1	-1	100	10000	-1	-1	-1	-1	-1	-1	100	10000	70504131	0	升级后整套的套装效果将提升为：#G命中+2142#W；#G身法+82#W；#G血上限+3056#W；#G增加打怒技能对目标的生效几率（2星套装效果）#W。
537	70504131	20301009	43	-1	-1	-1	-1	100	20000	-1	-1	-1	-1	-1	-1	100	20000	70504132	1	升级后整套的套装效果将提升为：#G命中+3212#W；#G身法+122#W；#G血上限+4584#W；#G增加打怒技能对目标的生效几率（3星套装效果）#W。
538	70504132	20301009	50	-1	-1	-1	-1	100	30000	-1	-1	-1	-1	-1	-1	100	30000	70504133	1	升级后整套的套装效果将提升为：#G命中+4282#W；#G身法+164#W；#G血上限+6112#W；#G增加打怒技能对目标的生效几率（4星套装效果）#W。
539	70504133	20301009	56	-1	-1	-1	-1	100	40000	-1	-1	-1	-1	-1	-1	100	40000	70504134	1	升级后整套的套装效果将提升为：#G命中+5352#W；#G身法+204#W；#G血上限+7640#W；#G增加打怒技能对目标的生效几率（5星套装效果）#W。
