INT	STRING	INT	INT	INT	INT	INT	INT	INT	INT	INT	INT	INT	INT	INT	INT	INT	INT	INT	INT	INT	INT	INT	INT	INT	STRING
ID	NAME	逻辑ID	MenPaiID	流派类别	流派层数	对应生效技能	最大等级	效果等级	效果值	效果等级	效果值	效果等级	效果值	效果等级	效果值	效果等级	效果值	限制类别	param1	param2	逻辑ID的特殊读取	逻辑ID的特殊读取	逻辑ID的特殊读取	掌握后自动习得的技能	DESC
1	且醉且狂	-1	2	0	1	-1	1	0	0	0	0	0	0	0	0	0	0	-1	-1	-1	-1	-1	-1	-1	丐帮神丐被动
2	蟠龙击·神威	39	2	0	2	341	5	10	200	20	400	30	600	50	800	80	1000	-1	-1	-1	-1	1	-1	-1	丐帮神丐X1
3	龙息	4	2	0	2	351	5	10	40	20	80	30	120	50	160	80	200	-1	-1	-1	-1	-1	-1	-1	丐帮神丐X2
4	破阵急奏	2	2	0	3	343	5	20	2	30	4	50	6	80	8	130	10	2	5	-1	-1	-1	-1	-1	丐帮神丐X3
5	烟锁迷阵	3	2	0	3	343	5	20	100	30	200	50	300	80	400	130	500	2	5	-1	-1	42841	-1	-1	丐帮神丐X4
6	揽杯倾盏	5	2	0	3	351	5	20	10	30	20	50	30	80	40	130	50	3	5	-1	-1	-1	-1	-1	丐帮神丐X5
7	虬龙返	7	2	0	4	341	5	40	60	70	120	110	180	180	240	290	300	-1	-1	10	-1	-1	-1	-1	丐帮神丐X6
8	醉里腾挪	8	2	0	4	-1	5	40	100	70	200	110	300	180	400	290	500	-1	-1	10	-1	-1	-1	-1	丐帮神丐X7
9	酩酊龙舞	11	2	0	5	347	5	80	100	120	200	200	300	320	400	520	500	-1	-1	15	50	-1	-1	-1	丐帮神丐X8
10	酣然一醉	12	2	0	5	347	5	80	30	120	60	200	90	320	120	520	150	-1	-1	15	50	-1	-1	-1	丐帮神丐X9
11	吞风饮雨	13	2	0	5	347	5	80	1	120	2	200	3	320	4	520	5	6	5	15	1	351	364	-1	丐帮神丐X10
12	杀破狼	-1	2	1	1	-1	1	0	0	0	0	0	0	0	0	0	0	-1	-1	-1	-1	-1	-1	-1	丐帮战将被动
13	蟠龙击·神威	39	2	1	2	341	5	10	200	20	400	30	600	50	800	80	1000	-1	-1	-1	-1	1	-1	-1	丐帮战将Y1
14	千里烟瘴	1	2	1	2	342	5	10	150	20	300	30	450	50	600	80	750	-1	-1	-1	-1	6	-1	-1	丐帮战将Y2
15	速战速决	2	2	1	3	361	5	20	20	30	40	50	60	80	80	130	100	13	5	-1	-1	-1	-1	-1	丐帮战将Y3
16	风掠广陌	6	2	1	3	361	5	20	1	30	2	50	3	80	4	130	5	13	5	-1	-1	-1	-1	-1	丐帮战将Y4
17	千里疾驰	2	2	1	3	342	5	20	5	30	10	50	15	80	20	130	25	14	5	-1	-1	-1	-1	-1	丐帮战将Y5
18	龙行乾坤	9	2	1	4	341	5	40	60	70	120	110	180	180	240	290	300	-1	-1	10	2	365	-1	-1	丐帮战将Y6
19	迭步蓄势	10	2	1	4	-1	5	40	5	70	10	110	15	180	20	290	25	-1	-1	10	-1	-1	-1	-1	丐帮战将Y7
20	断肠天涯	14	2	1	5	365	5	80	100	120	200	200	300	320	400	520	500	18	5	-1	-1	-1	-1	-1	丐帮战将Y8
21	乾坤覆	15	2	1	5	365	5	80	50	120	100	200	100	320	150	520	150	18	5	-1	-1	-1	-1	-1	丐帮战将Y9
22	潜龙入海	16	2	1	5	360	5	80	50	120	100	200	150	320	200	520	250	19	5	-1	-1	-1	-1	-1	丐帮战将Y10
23	禅武印	-1	0	0	1	-1	1	0	0	0	0	0	0	0	0	0	0	-1	-1	-1	-1	-1	-1	-1	少林武僧被动
24	伏虎拳·神威	39	0	0	2	281	5	10	200	20	400	30	600	50	800	80	1000	-1	-1	-1	-1	1	-1	-1	少林武僧X1
25	佛灯压顶	1	0	0	2	282	5	10	150	20	300	30	450	50	600	80	750	-1	-1	-1	-1	5	-1	-1	少林武僧X2
26	摩诃碎甲	27	0	0	3	291	5	20	20	30	40	50	60	80	80	130	100	24	5	-1	-1	1	-1	-1	少林武僧X3
27	行道迟迟	27	0	0	3	295	5	20	-50	30	-100	50	-150	80	-200	130	-250	24	5	-1	-1	-1	-1	-1	少林武僧X4
28	禅力裂地	1	0	0	3	283	5	20	150	30	300	50	450	80	600	130	750	25	5	-1	-1	5	-1	-1	少林武僧X5
29	长虹凌日	18	0	0	4	297	5	40	2	70	4	110	6	180	8	290	10	-1	-1	10	-1	35	-1	-1	少林武僧X6
30	伏虎迎佛	49	0	0	4	281	5	40	20	70	40	110	60	180	80	290	100	-1	-1	10	2	283	-1	-1	少林武僧X7
31	不动如山	86	0	0	5	305	5	80	30	120	60	200	90	320	120	520	150	-1	-1	15	-1	-1	-1	-1	少林武僧X8
32	舍身除魔	32	0	0	5	306	5	80	20	120	40	200	60	320	80	520	100	-1	-1	15	-1	-1	-1	-1	少林武僧X9
33	佛手开天	33	0	0	5	283	5	80	40	120	80	200	120	320	160	520	200	28	5	15	-1	-1	-1	-1	少林武僧X10
34	法身印	-1	0	1	1	-1	1	0	0	0	0	0	0	0	0	0	0	-1	-1	-1	-1	-1	-1	-1	少林罗汉被动
35	伏虎拳·神威	39	0	1	2	281	5	10	200	20	400	30	600	50	800	80	1000	-1	-1	-1	-1	1	-1	-1	少林罗汉Y1
36	佛法无边	6	0	1	2	282	5	10	1	20	2	30	3	50	4	80	5	-1	-1	-1	-1	-1	-1	-1	少林罗汉Y2
37	无垢佛身	2	0	1	3	301	5	20	10	30	20	50	30	80	40	130	50	35	5	-1	-1	-1	-1	-1	少林罗汉Y3
38	筋骨道基	28	0	1	3	301	5	20	10	30	20	50	30	80	40	130	50	35	5	-1	-1	-1	-1	-1	少林罗汉Y4
39	梵音镇神	29	0	1	3	287	5	20	42853	30	42854	50	42855	80	42856	130	42857	36	5	-1	-1	3294	-1	-1	少林罗汉Y5
40	魔心种佛	30	0	1	4	-1	5	40	20	70	40	110	60	180	80	290	100	-1	-1	10	-1	293	2	-1	少林罗汉Y6
41	金刚怒目	31	0	1	4	-1	5	40	1	70	2	110	3	180	4	290	5	-1	-1	10	-1	-1	-1	-1	少林罗汉Y7
42	诸佛无相	2	0	1	5	293	5	80	2	120	4	200	6	320	8	520	10	40	5	-1	-1	-1	-1	-1	少林罗汉Y8
43	佛心行持	34	0	1	5	293	5	80	1000	120	2000	200	3000	320	4000	520	5000	40	5	-1	-1	-1	-1	-1	少林罗汉Y9
44	佛缘业火	35	0	1	5	289	5	80	10	120	20	200	30	320	40	520	50	41	5	-1	-1	-1	-1	-1	少林罗汉Y10
45	不死不休	-1	1	0	1	-1	1	0	0	0	0	0	0	0	0	0	0	-1	-1	-1	-1	-1	-1	3293	明教豪侠被动
46	摧心掌·神威	39	1	0	2	311	5	10	200	20	400	30	600	50	800	80	1000	-1	-1	-1	-1	1	-1	-1	明教豪侠X1
47	烽燧相望	2	1	0	2	312	5	10	2	20	4	30	6	50	8	80	10	-1	-1	-1	-1	-1	-1	-1	明教豪侠X2
48	天罗地网	20	1	0	3	313	5	20	20	30	40	50	60	80	80	130	100	46	5	-1	-1	-1	-1	-1	明教豪侠X3
49	引火成缚	20	1	0	3	325	5	20	20	30	40	50	60	80	80	130	100	46	5	-1	-1	-1	-1	-1	明教豪侠X4
50	一炬万顷	29	1	0	3	327	5	20	42858	30	42859	50	42860	80	42861	130	42862	47	5	-1	-1	3295	-1	-1	明教豪侠X5
51	撼岳龙腾	49	1	0	4	311	5	40	20	70	40	110	60	180	80	290	100	-1	-1	10	2	313	-1	-1	明教豪侠X6
52	步步为营	38	1	0	4	311	5	40	42863	70	42864	110	42865	180	42866	290	42867	-1	-1	10	-1	-1	-1	-1	明教豪侠X7
53	东风已至	40	1	0	5	325	5	80	50	120	100	200	150	320	200	520	250	51	5	-1	-1	-1	-1	-1	明教豪侠X8
54	焚天炽地	41	1	0	5	313	5	80	40	120	80	200	120	320	160	520	200	51	5	-1	-1	-1	-1	-1	明教豪侠X9
55	火浪滔天	42	1	0	5	335	5	80	200	120	400	200	600	320	800	520	1000	-1	-1	15	-1	-1	-1	-1	明教豪侠X10
56	怒焰焚世	-1	1	1	1	-1	1	0	0	0	0	0	0	0	0	0	0	-1	-1	-1	-1	-1	-1	-1	明教修罗被动
57	摧心掌·神威	39	1	1	2	311	5	10	200	20	400	30	600	50	800	80	1000	-1	-1	-1	-1	1	-1	-1	明教修罗Y1
58	明光悬	2	1	1	2	313	5	10	1	20	2	30	3	50	4	80	5	-1	-1	-1	-1	-1	-1	-1	明教修罗Y2
59	骤雨颓垣	21	1	1	3	321	5	20	50	30	100	50	150	80	200	130	250	57	5	-1	-1	-1	-1	-1	明教修罗Y3
60	化坎入离	36	1	1	3	321	5	20	200	30	400	50	600	80	800	130	1000	57	5	-1	-1	-1	-1	-1	明教修罗Y4
61	雷霆之怒	37	1	1	3	317	5	20	200	30	400	50	600	80	800	130	1000	58	5	-1	-1	-1	-1	-1	明教修罗Y5
62	烛芯烬	9	1	1	4	313	5	40	100	70	200	110	300	180	400	290	500	-1	-1	10	10	335	-1	-1	明教修罗Y6
63	慨当以慷	23	1	1	4	311	5	40	5	70	10	110	15	180	20	290	25	-1	-1	10	-1	-1	-1	-1	明教修罗Y7
64	天地为炉	43	1	1	5	335	5	80	20	120	40	200	60	320	80	520	100	62	5	-1	-1	-1	-1	-1	明教修罗Y8
65	付之一烬	44	1	1	5	335	5	80	40	120	80	200	120	320	160	520	200	-1	-1	15	-1	110	279	-1	明教修罗Y9
66	乘势追击	45	1	1	5	330	5	80	60	120	120	200	180	320	240	520	300	63	5	-1	-1	-1	-1	-1	明教修罗Y10
67	海纳川行诀	-1	3	0	1	-1	1	0	0	0	0	0	0	0	0	0	0	-1	-1	-1	-1	-1	-1	-1	武当气宗被动
68	八卦掌·神威	39	3	0	2	371	5	10	200	20	400	30	600	50	800	80	1000	-1	-1	-1	-1	2	-1	-1	武当气宗X1
69	万辰莹辉	80	3	0	2	376	5	10	20	20	40	30	60	50	80	80	100	-1	-1	-1	-1	7	-1	-1	武当气宗X2
70	踏碎星河	33	3	0	3	377	5	20	60	30	120	50	180	80	240	130	300	68	5	-1	-1	-1	-1	-1	武当气宗X3
71	酣然魂逝	83	3	0	3	377	5	20	100	30	200	50	300	80	400	130	500	68	5	-1	-1	-1	-1	-1	武当气宗X4
72	澹兮岚萦	34	3	0	3	394	5	20	2000	30	4000	50	6000	80	8000	130	10000	69	5	-1	-1	-1	-1	-1	武当气宗X5
73	八卦衍	49	3	0	4	371	5	40	30	70	60	110	90	180	120	290	150	-1	-1	10	2	373	-1	-1	武当气宗X6
74	紫气东来	81	3	0	4	382	5	40	20	70	40	110	60	180	80	290	100	-1	-1	10	-1	-1	-1	-1	武当气宗X7
75	一剑万钧	33	3	0	5	373	5	80	70	120	140	200	210	320	280	520	350	73	5	-1	-1	-1	-1	-1	武当气宗X8
76	纳灵凝丹	85	3	0	5	373	5	80	20	120	40	200	60	320	80	520	100	-1	-1	15	-1	-1	-1	-1	武当气宗X9
77	太初将至	2	3	0	5	378	5	80	2	120	4	200	6	320	8	520	10	-1	-1	15	-1	-1	-1	-1	武当气宗X10
78	七步登云庭	-1	3	1	1	-1	1	0	0	0	0	0	0	0	0	0	0	-1	-1	-1	-1	-1	-1	-1	武当剑侠被动
79	八卦掌·神威	39	3	1	2	371	5	10	200	20	400	30	600	50	800	80	1000	-1	-1	-1	-1	2	-1	-1	武当剑侠Y1
80	清风快哉	2	3	1	2	372	5	10	2	20	4	30	6	50	8	80	10	-1	-1	-1	-1	-1	-1	-1	武当剑侠Y2
81	虚步青云	2	3	1	3	379	5	20	4	30	8	50	12	80	16	130	20	79	5	-1	-1	-1	-1	-1	武当剑侠Y3
82	裁风绊月	27	3	1	3	374	5	20	-30	30	-60	50	-90	80	-120	130	-150	79	5	-1	-1	-1	-1	-1	武当剑侠Y4
83	斗转星驰	2	3	1	3	395	5	20	1	30	2	50	3	80	4	130	5	80	5	-1	-1	-1	-1	-1	武当剑侠Y5
84	爻动星移	9	3	1	4	371	5	40	60	70	120	110	180	180	240	290	300	-1	-1	10	2	395	-1	-1	武当剑侠Y6
85	星涛怒浪	56	3	1	4	395	5	40	50	70	100	110	150	180	200	290	250	-1	-1	10	-1	20	-1	-1	武当剑侠Y7
86	天钺横空	33	3	1	5	395	5	80	30	120	60	200	90	320	120	520	150	84	5	-1	-1	-1	-1	-1	武当剑侠Y8
87	罡风袭月	82	3	1	5	374	5	80	42848	120	42849	200	42850	320	42851	520	42852	-1	-1	15	-1	-1	-1	-1	武当剑侠Y9
88	星隐鹤啼	84	3	1	5	387	5	80	2	120	4	200	6	320	8	520	10	85	5	-1	-1	-1	-1	-1	武当剑侠Y10
89	医者仁心	-1	4	0	1	-1	1	0	0	0	0	0	0	0	0	0	0	-1	-1	-1	-1	-1	-1	-1	峨嵋月医被动
90	拜月·神威	39	4	0	2	401	5	10	200	20	400	30	600	50	800	80	1000	-1	-1	-1	-1	2	-1	-1	峨嵋月医X1
91	盈裕太渊	46	4	0	2	407	5	10	50	20	100	30	150	50	200	80	250	-1	-1	-1	-1	-1	-1	-1	峨嵋月医X2
92	甘木灵佑	47	4	0	3	409	5	20	200	30	400	50	600	80	800	130	1000	90	5	-1	-1	-1	-1	-1	峨嵋月医X3
93	净繁芜	48	4	0	3	409	5	20	100	30	200	50	300	80	400	130	500	90	5	-1	110	279	-1	-1	峨嵋月医X4
94	凝神皈心	2	4	0	3	413	5	20	20	30	40	50	60	80	80	130	100	91	5	-1	-1	-1	-1	-1	峨嵋月医X5
95	风清月朗	49	4	0	4	424	5	40	20	70	40	110	60	180	80	290	100	-1	-1	10	2	426	-1	-1	峨嵋月医X6
96	风摧木鸣	31	4	0	4	-1	5	40	2	70	4	110	6	180	8	290	10	-1	-1	10	-1	-1	-1	-1	峨嵋月医X7
97	花满闲潭	46	4	0	5	426	5	80	100	120	200	200	300	320	400	520	500	95	5	-1	-1	-1	-1	-1	峨嵋月医X8
98	妙手回天	51	4	0	5	411	5	80	2	120	4	200	6	320	8	520	10	-1	-1	15	-1	-1	-1	-1	峨嵋月医X9
99	桃李春风	51	4	0	5	406	5	80	2	120	4	200	6	320	8	520	10	94	5	15	-1	-1	-1	-1	峨嵋月医X10
100	琵琶声停	-1	4	1	1	-1	1	0	0	0	0	0	0	0	0	0	0	-1	-1	-1	-1	-1	-1	-1	峨嵋怜花被动
101	拜月·神威	39	4	1	2	401	5	10	200	20	400	30	600	50	800	80	1000	-1	-1	-1	-1	2	-1	-1	峨嵋怜花Y1
102	遮云蔽月	21	4	1	2	415	5	10	10	20	20	30	30	50	40	80	50	-1	-1	-1	-1	-1	-1	-1	峨嵋怜花Y2
103	半阙商歌	39	4	1	3	404	5	20	200	30	400	50	600	80	800	130	1000	101	5	-1	-1	2	-1	-1	峨嵋怜花Y3
104	筝鸣裂帛	33	4	1	3	404	5	20	100	30	200	50	300	80	400	130	500	101	5	-1	-1	-1	-1	-1	峨嵋怜花Y4
105	空山凝云	27	4	1	3	404	5	20	-80	30	-160	50	-240	80	-320	130	-400	102	5	-1	-1	-1	-1	-1	峨嵋怜花Y5
106	轮弦繁促	49	4	1	4	403	5	40	20	70	40	110	60	180	80	290	100	-1	-1	10	100	403	-1	-1	峨嵋怜花Y6
107	杀机四伏	50	4	1	4	404	5	40	50	70	100	110	150	180	200	290	250	-1	-1	10	30	421	-1	-1	峨嵋怜花Y7
108	西子叹	33	4	1	5	403	5	80	80	120	160	200	240	320	320	520	400	106	5	-1	-1	-1	-1	-1	峨嵋怜花Y8
109	月寒衾	39	4	1	5	426	5	80	200	120	400	200	600	320	800	520	1000	-1	-1	15	-1	2	-1	-1	峨嵋怜花Y9
110	幽咽泉流	52	4	1	5	421	5	80	42868	120	42869	200	42870	320	42871	520	42872	107	5	-1	-1	-1	-1	-1	峨嵋怜花Y10
111	冥星照顶	-1	5	0	1	-1	1	0	0	0	0	0	0	0	0	0	0	-1	-1	-1	-1	-1	-1	3296	星宿五毒被动
112	蓝砂手·神威	39	5	0	2	431	5	10	200	20	400	30	600	50	800	80	1000	-1	-1	-1	-1	2	-1	-1	星宿五毒X1
113	幽冥急袭	53	5	0	2	433	5	10	100	20	200	30	300	50	400	80	500	-1	-1	-1	-1	-1	-1	-1	星宿五毒X2
114	冰寒绝息	40	5	0	3	445	5	20	50	30	100	50	150	80	200	130	250	112	5	-1	-1	-1	-1	-1	星宿五毒X3
115	掌势潮涌	2	5	0	3	433	5	20	1	30	2	50	3	80	4	130	5	113	5	-1	-1	-1	-1	-1	星宿五毒X4
116	幽冥寂灭	33	5	0	3	433	5	20	80	30	160	50	240	80	320	130	400	113	5	-1	-1	-1	-1	-1	星宿五毒X5
117	掌迫生机	49	5	0	4	433	5	40	100	70	200	110	300	180	400	290	500	-1	-1	10	10	455	-1	-1	星宿五毒X6
118	辣手戾心	56	5	0	4	431	5	40	20	70	40	110	60	180	80	290	100	-1	-1	10	-1	30	-1	-1	星宿五毒X7
119	阎王来帖	33	5	0	5	455	5	80	30	120	60	200	90	320	120	520	150	117	5	-1	-1	-1	-1	-1	星宿五毒X8
120	天损有余	58	5	0	5	450	5	80	20	120	40	200	60	320	80	520	100	-1	-1	15	-1	500	-1	-1	星宿五毒X9
121	地杀不足	59	5	0	5	450	5	80	20	120	40	200	60	320	80	520	100	-1	-1	15	-1	500	-1	-1	星宿五毒X10
122	巫蛊降厄	-1	5	1	1	-1	1	0	0	0	0	0	0	0	0	0	0	-1	-1	-1	-1	-1	-1	-1	星宿诡豪被动
123	蓝砂手·神威	39	5	1	2	431	5	10	200	20	400	30	600	50	800	80	1000	-1	-1	-1	-1	2	-1	-1	星宿诡豪Y1
124	惜金蟾蜍	53	5	1	2	435	5	10	100	20	200	30	300	50	400	80	500	-1	-1	-1	-1	-1	-1	-1	星宿诡豪Y2
125	毒厄夺命	54	5	1	3	434	5	20	40	30	80	50	120	80	160	130	200	123	5	-1	-1	-1	-1	-1	星宿诡豪Y3
126	余罪缠身	27	5	1	3	434	5	20	-50	30	-100	50	-150	80	-200	130	-250	-1	-1	5	-1	-1	-1	-1	星宿诡豪Y4
127	颠倒阴阳	55	5	1	3	443	5	20	60	30	120	50	180	80	240	130	300	124	5	-1	-1	-1	-1	-1	星宿诡豪Y5
128	蛇毒浸体	49	5	1	4	441	5	40	150	70	300	110	450	180	600	290	750	-1	-1	10	10	455	-1	-1	星宿诡豪Y6
129	天怒地愤	57	5	1	4	450	5	40	30	70	60	110	90	180	120	290	150	-1	-1	10	-1	-1	-1	-1	星宿诡豪Y7
130	长恨绵绵	2	5	1	5	451	5	80	20	120	40	200	60	320	80	520	100	-1	-1	15	-1	-1	-1	-1	星宿诡豪Y8
131	噬血吸髓	60	5	1	5	437	5	80	70	120	140	200	210	320	280	520	350	-1	-1	15	-1	-1	-1	-1	星宿诡豪Y9
132	咒昭重厄	25	5	1	5	450	5	80	20	120	40	200	60	320	80	520	100	129	5	-1	-1	-1	-1	-1	星宿诡豪Y10
133	化乾转坤	-1	6	0	1	-1	1	0	0	0	0	0	0	0	0	0	0	-1	-1	-1	-1	-1	-1	-1	天龙六脉被动
134	正阳手·神威	39	6	0	2	461	5	10	200	20	400	30	600	50	800	80	1000	-1	-1	-1	-1	2	-1	-1	天龙六脉X1
135	啸惊天地	62	6	0	2	477	5	10	300	20	600	30	900	50	1200	80	1500	-1	-1	-1	-1	35	-1	-1	天龙六脉X2
136	千山灭	39	6	0	3	463	5	20	70	30	140	50	210	80	280	130	350	134	5	-1	-1	7	-1	-1	天龙六脉X3
137	飞光不附	3	6	0	3	463	5	20	50	30	100	50	150	80	200	130	250	134	5	-1	-1	42842	-1	-1	天龙六脉X4
138	怒震列缺	39	6	0	3	481	5	20	70	30	140	50	210	80	280	130	350	135	5	-1	-1	7	-1	-1	天龙六脉X5
139	烛龙衔光	49	6	0	4	463	5	40	20	70	40	110	60	180	80	290	100	-1	-1	10	100	463	-1	-1	天龙六脉X6
140	恨断青山	56	6	0	4	487	5	40	100	70	200	110	300	180	400	290	500	-1	-1	10	-1	50	-1	-1	天龙六脉X7
141	死生无门	66	6	0	5	463	5	80	40	120	80	200	120	320	160	520	200	139	5	-1	-1	-1	-1	-1	天龙六脉X8
142	风云从龙	67	6	0	5	481	5	80	80	120	160	200	240	320	320	520	400	-1	-1	15	-1	-1	-1	-1	天龙六脉X9
143	太白入月	68	6	0	5	-1	5	80	6	120	12	200	18	320	24	520	30	-1	-1	15	-1	-1	-1	-1	天龙六脉X10
144	谒天应行	-1	6	1	1	-1	1	0	0	0	0	0	0	0	0	0	0	-1	-1	-1	-1	-1	-1	-1	天龙四圣被动
145	正阳手·神威	39	6	1	2	461	5	10	200	20	400	30	600	50	800	80	1000	-1	-1	-1	-1	2	-1	-1	天龙四胜Y1
146	恩拂九重	62	6	1	2	466	5	10	60	20	120	30	180	50	240	80	300	-1	-1	-1	-1	34	-1	-1	天龙四胜Y2
147	万壑深	63	6	1	3	471	5	20	80	30	160	50	240	80	320	130	400	145	5	-1	-1	-1	-1	-1	天龙四胜Y3
148	蹈死难顾	64	6	1	3	471	5	20	50	30	100	50	150	80	200	130	250	145	5	-1	-1	-1	-1	-1	天龙四胜Y4
149	缘门始开	65	6	1	3	481	5	20	20	30	40	50	60	80	80	130	100	146	5	-1	-1	-1	-1	-1	天龙四胜Y5
150	不问修罗	49	6	1	4	471	5	40	100	70	200	110	300	180	400	290	500	-1	-1	10	5	488	-1	-1	天龙四胜Y6
151	择风化雨	49	6	1	4	461	5	40	50	70	100	110	150	180	200	290	250	-1	-1	10	2	469	-1	-1	天龙四胜Y7
152	众生如来	69	6	1	5	488	5	80	3	120	6	200	9	320	12	520	15	150	5	-1	-1	-1	-1	-1	天龙四胜Y8
153	万鬼难渡	21	6	1	5	475	5	80	10	120	20	200	30	320	40	520	50	-1	-1	15	-1	-1	-1	-1	天龙四胜Y9
154	风月同悲	70	6	1	5	469	5	80	100	120	200	200	300	320	400	520	500	151	5	-1	-1	-1	-1	-1	天龙四胜Y10
155	寒芒乍现	-1	7	0	1	-1	1	0	0	0	0	0	0	0	0	0	0	-1	-1	-1	-1	-1	-1	-1	天山游侠被动
156	雁南飞·神威	39	7	0	2	491	5	10	200	20	400	30	600	50	800	80	1000	-1	-1	-1	-1	1	-1	-1	天山游侠X1
157	冰封雪舞	17	7	0	2	501	5	10	200	20	400	30	600	50	800	80	1000	-1	-1	-1	-1	-1	-1	-1	天山游侠X2
158	箫韶引凤	2	7	0	3	493	5	20	2	30	4	50	6	80	8	130	10	156	5	-1	-1	-1	-1	-1	天山游侠X3
159	生死一念	19	7	0	3	493	5	20	10	30	20	50	30	80	40	130	50	-1	-1	5	-1	-1	-1	-1	天山游侠X4
160	万翎千机	20	7	0	3	493	5	20	20	30	40	50	60	80	80	130	100	157	5	-1	-1	-1	-1	-1	天山游侠X5
161	鸿雁来宾	49	7	0	4	491	5	40	20	70	40	110	60	180	80	290	100	-1	-1	10	2	492	-1	-1	天山游侠X6
162	凤回首	49	7	0	4	493	5	40	20	70	40	110	60	180	80	290	100	-1	-1	10	100	493	-1	-1	天山游侠X7
163	孤鹰戾天	1	7	0	5	492	5	80	100	120	200	200	300	320	400	520	500	161	5	-1	-1	3	-1	-1	天山游侠X8
164	无边落木	24	7	0	5	498	5	80	50	120	100	200	150	320	200	520	250	-1	-1	15	-1	-1	-1	-1	天山游侠X9
165	霜冷九州	1	7	0	5	493	5	80	150	120	300	200	450	320	600	520	750	162	5	-1	-1	3	-1	-1	天山游侠X10
166	匿影绝杀	-1	7	1	1	-1	1	0	0	0	0	0	0	0	0	0	0	-1	-1	-1	-1	-1	-1	-1	天山刺客被动
167	雁南飞·神威	39	7	1	2	491	5	10	200	20	400	30	600	50	800	80	1000	-1	-1	-1	-1	1	-1	-1	天山刺客Y1
168	杀意袭	18	7	1	2	501	5	10	2	20	4	30	6	50	8	80	10	-1	-1	-1	-1	35	-1	-1	天山刺客Y2
169	寒梅寂	21	7	1	3	505	5	20	50	30	100	50	150	80	200	130	250	167	5	-1	-1	-1	-1	-1	天山刺客Y3
170	生杀予夺	61	7	1	3	-1	5	20	8	30	16	50	24	80	32	130	40	-1	-1	5	-1	-1	-1	-1	天山刺客Y4
171	暮雪将倾	2	7	1	3	501	5	20	1	30	2	50	3	80	4	130	5	168	5	-1	-1	-1	-1	-1	天山刺客Y5
172	雁寄梅花	9	7	1	4	491	5	40	40	70	80	110	120	180	160	290	200	-1	-1	10	2	507	-1	-1	天山刺客Y6
173	悲雁鸣	23	7	1	4	491	5	40	5	70	10	110	15	180	20	290	25	-1	-1	10	-1	-1	-1	-1	天山刺客Y7
174	长夜无昼	33	7	1	5	507	5	80	50	120	100	200	150	320	200	520	250	172	5	-1	-1	-1	-1	-1	天山刺客Y8
175	梅开二度	25	7	1	5	507	5	80	50	120	100	200	150	320	200	520	250	172	5	-1	-1	-1	-1	-1	天山刺客Y9
176	一曲成殇	26	7	1	5	510	5	80	30	120	60	200	90	320	120	520	150	173	5	-1	-1	-1	-1	-1	天山刺客Y10
177	飞星晔夜	-1	8	0	1	-1	1	0	0	0	0	0	0	0	0	0	0	-1	-1	-1	-1	-1	-1	-1	逍遥云仙被动
178	落英剑·神威	39	8	0	2	521	5	10	200	20	400	30	600	50	800	80	1000	-1	-1	-1	-1	2	-1	-1	逍遥云仙X1
179	霁月行空	71	8	0	2	526	5	10	200	20	400	30	600	50	800	80	1000	-1	-1	-1	-1	-1	-1	-1	逍遥云仙X2
180	一指透春寒	73	8	0	3	523	5	20	6	30	12	50	18	80	24	130	30	178	5	-1	-1	-1	-1	-1	逍遥云仙X3
181	凌霄揽月	74	8	0	3	541	5	20	20	30	40	50	60	80	80	130	100	-1	-1	5	-1	-1	-1	-1	逍遥云仙X4
182	旋花穿云	19	8	0	3	535	5	20	5	30	10	50	15	80	20	130	25	179	5	-1	-1	-1	-1	-1	逍遥云仙X5
183	时移如梭	49	8	0	4	523	5	40	40	70	80	110	120	180	160	290	200	-1	-1	10	100	535	-1	-1	逍遥云仙X6
184	绘洗晴岚	49	8	0	4	535	5	40	20	70	40	110	60	180	80	290	100	-1	-1	10	100	523	-1	-1	逍遥云仙X7
185	畅淋漓	40	8	0	5	535	5	80	50	120	100	200	150	320	200	520	250	183	5	-1	-1	-1	-1	-1	逍遥云仙X8
186	踏浪濯心	77	8	0	5	535	5	80	10	120	20	200	30	320	40	520	50	-1	-1	15	-1	-1	-1	-1	逍遥云仙X9
187	穿林打叶	20	8	0	5	523	5	80	10	120	20	200	30	320	40	520	50	-1	-1	15	-1	-1	-1	-1	逍遥云仙X10
188	欺烟困雨	-1	8	1	1	-1	1	0	0	0	0	0	0	0	0	0	0	-1	-1	-1	-1	-1	-1	-1	逍遥墨家被动
189	落英剑·神威	39	8	1	2	521	5	10	200	20	400	30	600	50	800	80	1000	-1	-1	-1	-1	2	-1	-1	逍遥墨家Y1
190	骨重识寒	72	8	1	2	522	5	10	50	20	100	30	150	50	200	80	250	-1	-1	-1	-1	-1	-1	-1	逍遥墨家Y2
191	碎尘泥	72	8	1	3	544	5	20	100	30	200	50	300	80	400	130	500	189	5	-1	-1	-1	-1	-1	逍遥墨家Y3
192	罔象促梦	2	8	1	3	544	5	20	2	30	4	50	6	80	8	130	10	189	5	-1	-1	-1	-1	-1	逍遥墨家Y4
193	烛花催夜	2	8	1	3	525	5	20	2	30	4	50	6	80	8	130	10	190	5	-1	-1	-1	-1	-1	逍遥墨家Y5
194	残春待晓	75	8	1	4	545	5	40	150	70	300	110	450	180	600	290	750	-1	-1	10	10	-1	-1	-1	逍遥墨家Y6
195	怨清商	76	8	1	4	545	5	40	60	70	120	110	180	180	240	290	300	-1	-1	10	-1	-1	-1	-1	逍遥墨家Y7
196	浪流风逐	78	8	1	5	545	5	80	20	120	40	200	60	320	80	520	100	-1	-1	15	-1	-1	-1	-1	逍遥墨家Y8
197	烟霏殁	72	8	1	5	545	5	80	100	120	200	200	300	320	400	520	500	-1	-1	15	-1	-1	-1	-1	逍遥墨家Y9
198	蔽日吞天	79	8	1	5	540	5	80	42843	120	42844	200	42845	320	42846	520	42847	195	5	-1	-1	-1	-1	-1	逍遥墨家Y10
199	伏虎拳·破壁	87	0	0	6	281	5	12	40	24	80	36	120	60	160	96	200	-1	-1	20	-1	-1	-1	-1	少林2罗汉X1
200	伏虎拳·彻骨	89	0	0	6	281	5	12	10	24	20	36	30	60	40	96	50	-1	-1	20	-1	-1	-1	-1	少林2罗汉X2
201	金刚不渡	3	0	0	7	283	5	24	30	36	60	60	90	96	120	156	150	199	5	-1	-1	44260	-1	-1	少林2罗汉X3
202	观照般若	20	0	0	7	283	5	24	20	36	40	60	60	96	80	156	100	-1	-1	25	-1	-1	-1	-1	少林2罗汉X4
203	礼召佛光	91	0	0	7	283	5	24	44261	36	44262	60	44263	96	44264	156	44265	200	5	-1	-1	15	-1	-1	少林2罗汉X5
204	千斤坠	3	0	0	8	281	5	50	10	90	20	140	30	230	40	372	50	-1	-1	30	-1	44266	-1	-1	少林2罗汉X6
205	消障佛音	92	0	0	8	281	5	50	10	90	20	140	30	230	40	372	50	-1	-1	30	-1	44267	-1	-1	少林2罗汉X7
206	风卷行云	93	0	0	9	-1	5	96	0	144	0	240	0	384	0	624	0	-1	-1	35	-1	-1	-1	3593	少林2罗汉X8
207	流风化羽	93	0	0	9	-1	5	96	0	144	0	240	0	384	0	624	0	-1	-1	35	-1	-1	-1	3594	少林2罗汉X9
208	俱寂无声	93	0	0	9	-1	5	96	0	144	0	240	0	384	0	624	0	-1	-1	35	-1	-1	-1	3595	少林2罗汉X10
209	伏虎拳·破壁	87	0	1	6	281	5	12	40	24	80	36	120	60	160	96	200	-1	-1	20	-1	-1	-1	-1	少林2金刚Y1
210	固若金汤	94	0	1	6	-1	5	12	10	24	20	36	30	60	40	96	50	-1	-1	20	-1	-1	-1	-1	少林2金刚Y2
211	断秽解业	95	0	1	7	283	5	24	44288	36	44289	60	44290	96	44291	156	44292	209	5	-1	-1	100	-1	-1	少林2金刚Y3
212	锻心洗髓	113	0	1	7	-1	5	24	20	36	40	60	60	96	80	156	100	-1	-1	25	-1	-1	-1	-1	少林2金刚Y4
213	舍生悟我	114	0	1	7	-1	5	24	30	36	60	60	90	96	120	156	150	210	5	-1	-1	-1	-1	-1	少林2金刚Y5
214	降魔镇躯	96	0	1	8	283	5	50	100	90	200	140	300	230	400	372	500	-1	-1	30	-1	44293	-1	-1	少林2金刚Y6
215	禅心入定	115	0	1	8	-1	5	50	44294	90	44295	140	44296	230	44297	372	44298	-1	-1	30	-1	-1	-1	-1	少林2金刚Y7
216	风卷行云	93	0	1	9	-1	5	96	0	144	0	240	0	384	0	624	0	-1	-1	35	-1	-1	-1	3593	少林2金刚Y8
217	流风化羽	93	0	1	9	-1	5	96	0	144	0	240	0	384	0	624	0	-1	-1	35	-1	-1	-1	3594	少林2金刚Y9
218	俱寂无声	93	0	1	9	-1	5	96	0	144	0	240	0	384	0	624	0	-1	-1	35	-1	-1	-1	3595	少林2金刚Y10
219	摧心掌·破壁	87	1	0	6	311	5	12	40	24	80	36	120	60	160	96	200	-1	-1	20	-1	-1	-1	-1	明教2天罗X1
220	摧心掌·彻骨	89	1	0	6	311	5	12	10	24	20	36	30	60	40	96	50	-1	-1	20	-1	-1	-1	-1	明教2天罗X2
221	炎龙惑心	3	1	0	7	313	5	24	30	36	60	60	90	96	120	156	150	219	5	-1	-1	44299	-1	-1	明教2天罗X3
222	弦月擒霜	20	1	0	7	321	5	24	30	36	60	60	90	96	120	156	150	-1	-1	25	-1	-1	-1	-1	明教2天罗X4
223	圣火长明	91	1	0	7	313	5	24	44300	36	44301	60	44302	96	44303	156	44304	220	5	-1	-1	15	-1	-1	明教2天罗X5
224	赤焰压鼎	3	1	0	8	311	5	50	10	90	20	140	30	230	40	372	50	-1	-1	30	-1	44305	-1	-1	明教2天罗X6
225	在劫难逃	95	1	0	8	311	5	50	44306	90	44307	140	44308	230	44309	372	44310	-1	-1	30	-1	5	-1	-1	明教2天罗X7
226	风卷行云	93	1	0	9	-1	5	96	0	144	0	240	0	384	0	624	0	-1	-1	35	-1	-1	-1	3593	明教2天罗X8
227	流风化羽	93	1	0	9	-1	5	96	0	144	0	240	0	384	0	624	0	-1	-1	35	-1	-1	-1	3594	明教2天罗X9
228	俱寂无声	93	1	0	9	-1	5	96	0	144	0	240	0	384	0	624	0	-1	-1	35	-1	-1	-1	3595	明教2天罗X10
229	摧心掌·破壁	87	1	1	6	311	5	12	40	24	80	36	120	60	160	96	200	-1	-1	20	-1	-1	-1	-1	明教2血戾Y1
230	固若金汤	94	1	1	6	-1	5	12	10	24	20	36	30	60	40	96	50	-1	-1	20	-1	-1	-1	-1	明教2血戾Y2
231	透骨封心	96	1	1	7	313	5	24	120	36	240	60	360	96	480	156	600	229	5	-1	-1	44311	-1	-1	明教2血戾Y3
232	烈火焚身	97	1	1	7	313	5	24	70	36	140	60	210	96	280	156	350	-1	-1	25	-1	-1	-1	-1	明教2血戾Y4
233	噬月轮	95	1	1	7	313	5	24	44312	36	44313	60	44314	96	44315	156	44316	230	5	-1	-1	15	-1	-1	明教2血戾Y5
234	摧心留影	96	1	1	8	311	5	50	40	90	80	140	120	230	160	372	200	-1	-1	30	-1	44317	-1	-1	明教2血戾Y6
235	超凡入圣	98	1	1	8	311	5	50	20	90	40	140	60	230	80	372	100	-1	-1	30	-1	44318	-1	-1	明教2血戾Y7
236	风卷行云	93	1	1	9	-1	5	96	0	144	0	240	0	384	0	624	0	-1	-1	35	-1	-1	-1	3593	明教2血戾Y8
237	流风化羽	93	1	1	9	-1	5	96	0	144	0	240	0	384	0	624	0	-1	-1	35	-1	-1	-1	3594	明教2血戾Y9
238	俱寂无声	93	1	1	9	-1	5	96	0	144	0	240	0	384	0	624	0	-1	-1	35	-1	-1	-1	3595	明教2血戾Y10
239	蟠龙击·破壁	87	2	0	6	341	5	12	40	24	80	36	120	60	160	96	200	-1	-1	20	-1	-1	-1	-1	丐帮2酒狂X1
240	蟠龙击·彻骨	89	2	0	6	341	5	12	10	24	20	36	30	60	40	96	50	-1	-1	20	-1	-1	-1	-1	丐帮2酒狂X2
241	掌中池鱼	3	2	0	7	343	5	24	30	36	60	60	90	96	120	156	150	239	5	-1	-1	44319	-1	-1	丐帮2酒狂X3
242	醉里寻欢	2	2	0	7	364	5	24	6	36	12	60	18	96	24	156	30	-1	-1	25	-1	-1	-1	-1	丐帮2酒狂X4
243	花醉满堂	20	2	0	7	343	5	24	20	36	40	60	60	96	80	156	100	240	5	-1	-1	-1	-1	-1	丐帮2酒狂X5
244	长歌衔酒	3	2	0	8	341	5	50	10	90	20	140	30	230	40	372	50	-1	-1	30	-1	44325	-1	-1	丐帮2酒狂X6
245	空樽邀月	99	2	0	8	-1	5	50	40	90	80	140	120	230	160	372	200	-1	-1	30	-1	44326	-1	-1	丐帮2酒狂X7
246	风卷行云	93	2	0	9	-1	5	96	0	144	0	240	0	384	0	624	0	-1	-1	35	-1	-1	-1	3593	丐帮2酒狂X8
247	流风化羽	93	2	0	9	-1	5	96	0	144	0	240	0	384	0	624	0	-1	-1	35	-1	-1	-1	3594	丐帮2酒狂X9
248	俱寂无声	93	2	0	9	-1	5	96	0	144	0	240	0	384	0	624	0	-1	-1	35	-1	-1	-1	3595	丐帮2酒狂X10
249	蟠龙击·破壁	87	2	1	6	341	5	12	40	24	80	36	120	60	160	96	200	-1	-1	20	-1	-1	-1	-1	丐帮2行侠Y1
250	固若金汤	94	2	1	6	-1	5	12	10	24	20	36	30	60	40	96	50	-1	-1	20	-1	-1	-1	-1	丐帮2行侠Y2
251	惊鸿绝脉	96	2	1	7	343	5	24	120	36	240	60	360	96	480	156	600	249	5	-1	-1	44327	-1	-1	丐帮2行侠Y3
252	痛饮千坛	97	2	1	7	343	5	24	70	36	140	60	210	96	280	156	350	-1	-1	25	-1	-1	-1	-1	丐帮2行侠Y4
253	舟摇帘绕	95	2	1	7	342	5	24	44328	36	44329	60	44330	96	44331	156	44332	250	5	-1	-1	100	-1	-1	丐帮2行侠Y5
254	断杖拘狼	96	2	1	8	341	5	50	40	90	80	140	120	230	160	372	200	-1	-1	30	-1	44333	-1	-1	丐帮2行侠Y6
255	坐观云卷	100	2	1	8	365	5	50	70	90	140	140	210	230	280	372	350	-1	-1	30	-1	-1	-1	-1	丐帮2行侠Y7
256	风卷行云	93	2	1	9	-1	5	96	0	144	0	240	0	384	0	624	0	-1	-1	35	-1	-1	-1	3593	丐帮2行侠Y8
257	流风化羽	93	2	1	9	-1	5	96	0	144	0	240	0	384	0	624	0	-1	-1	35	-1	-1	-1	3594	丐帮2行侠Y9
258	俱寂无声	93	2	1	9	-1	5	96	0	144	0	240	0	384	0	624	0	-1	-1	35	-1	-1	-1	3595	丐帮2行侠Y10
259	八卦掌·滞脉	88	3	0	6	371	5	12	40	24	80	36	120	60	160	96	200	-1	-1	20	-1	-1	-1	-1	武当2凭虚X1
260	八卦掌·攻心	90	3	0	6	371	5	12	10	24	20	36	30	60	40	96	50	-1	-1	20	-1	-1	-1	-1	武当2凭虚X2
261	孤山闭	3	3	0	7	377	5	24	40	36	80	60	120	96	160	156	200	259	5	-1	-1	44334	-1	-1	武当2凭虚X3
262	剑指流云	92	3	0	7	377	5	24	40	36	80	60	120	96	160	156	200	-1	-1	25	-1	44394	-1	-1	武当2凭虚X4
263	万相皆归	91	3	0	7	372	5	24	44335	36	44336	60	44337	96	44338	156	44339	260	5	-1	-1	100	-1	-1	武当2凭虚X5
264	故步难离	3	3	0	8	371	5	50	10	90	20	140	30	230	40	372	50	-1	-1	30	-1	44340	-1	-1	武当2凭虚X6
265	疾光渐隐	49	3	0	8	381	5	50	50	90	100	140	150	230	200	372	250	-1	-1	30	2	373	-1	-1	武当2凭虚X7
266	唯我自在	93	3	0	9	-1	5	96	0	144	0	240	0	384	0	624	0	-1	-1	35	-1	-1	-1	3596	武当2凭虚X8
267	凝光照雪	93	3	0	9	-1	5	96	0	144	0	240	0	384	0	624	0	-1	-1	35	-1	-1	-1	3597	武当2凭虚X9
268	气定神闲	93	3	0	9	-1	5	96	0	144	0	240	0	384	0	624	0	-1	-1	35	-1	-1	-1	3598	武当2凭虚X10
269	八卦掌·滞脉	88	3	1	6	371	5	12	40	24	80	36	120	60	160	96	200	-1	-1	20	-1	-1	-1	-1	武当2摘星Y1
270	固若金汤	94	3	1	6	-1	5	12	10	24	20	36	30	60	40	96	50	-1	-1	20	-1	-1	-1	-1	武当2摘星Y2
271	断脉截元	96	3	1	7	374	5	24	60	36	120	60	180	96	240	156	300	269	5	-1	-1	44356	-1	-1	武当2摘星Y3
272	锐不可当	97	3	1	7	395	5	24	70	36	140	60	210	96	280	156	350	-1	-1	25	-1	-1	-1	-1	武当2摘星Y4
273	青锋化形	116	3	1	7	395	5	24	1	36	2	60	3	96	4	156	5	270	5	-1	-1	379	-1	-1	武当2摘星Y5
274	刹那千年	96	3	1	8	371	5	50	40	90	80	140	120	230	160	372	200	-1	-1	30	-1	44357	-1	-1	武当2摘星Y6
275	落月飞星	102	3	1	8	379	5	50	1	90	2	140	3	230	4	372	5	-1	-1	30	-1	395	-1	-1	武当2摘星Y7
276	唯我自在	93	3	1	9	-1	5	96	0	144	0	240	0	384	0	624	0	-1	-1	35	-1	-1	-1	3596	武当2摘星Y8
277	凝光照雪	93	3	1	9	-1	5	96	0	144	0	240	0	384	0	624	0	-1	-1	35	-1	-1	-1	3597	武当2摘星Y9
278	气定神闲	93	3	1	9	-1	5	96	0	144	0	240	0	384	0	624	0	-1	-1	35	-1	-1	-1	3598	武当2摘星Y10
279	拜月·滞脉	88	4	0	6	401	5	12	40	24	80	36	120	60	160	96	200	-1	-1	20	-1	-1	-1	-1	峨嵋2沁芳X1
280	拜月·攻心	103	4	0	6	409	5	12	200	24	400	36	600	60	800	96	1000	-1	-1	20	-1	-1	-1	-1	峨嵋2沁芳X2
281	暄风一醉	3	4	0	7	403	5	24	70	36	140	60	210	96	280	156	350	279	5	-1	-1	44358	-1	-1	峨嵋2沁芳X3
282	鹊踏枝	20	4	0	7	415	5	24	20	36	40	60	60	96	80	156	100	-1	-1	25	-1	-1	-1	-1	峨嵋2沁芳X4
283	妙手回春	104	4	0	7	423	5	24	100	36	110	60	120	96	130	156	150	280	5	-1	-1	-1	-1	-1	峨嵋2沁芳X5
284	疏桐绊月	3	4	0	8	401	5	50	10	90	20	140	30	230	40	372	50	-1	-1	30	-1	44359	-1	-1	峨嵋2沁芳X6
285	泠月西沉	33	4	0	8	426	5	50	50	90	100	140	150	230	200	372	250	-1	-1	30	-1	-1	-1	-1	峨嵋2沁芳X7
286	唯我自在	93	4	0	9	-1	5	96	0	144	0	240	0	384	0	624	0	-1	-1	35	-1	-1	-1	3596	峨嵋2沁芳X8
287	凝光照雪	93	4	0	9	-1	5	96	0	144	0	240	0	384	0	624	0	-1	-1	35	-1	-1	-1	3597	峨嵋2沁芳X9
288	气定神闲	93	4	0	9	-1	5	96	0	144	0	240	0	384	0	624	0	-1	-1	35	-1	-1	-1	3598	峨嵋2沁芳X10
289	拜月·滞脉	88	4	1	6	401	5	12	40	24	80	36	120	60	160	96	200	-1	-1	20	-1	-1	-1	-1	峨嵋2清音Y1
290	固若金汤	94	4	1	6	-1	5	12	10	24	20	36	30	60	40	96	50	-1	-1	20	-1	-1	-1	-1	峨嵋2清音Y2
291	四面楚歌	96	4	1	7	403	5	24	150	36	300	60	450	96	600	156	750	289	5	-1	-1	44360	-1	-1	峨嵋2清音Y3
292	一顾倾城	97	4	1	7	403	5	24	100	36	200	60	300	96	400	156	500	-1	-1	25	-1	-1	-1	-1	峨嵋2清音Y4
293	月落寒江	105	4	1	7	-1	5	24	20	36	40	60	60	96	80	156	100	290	5	-1	-1	-1	-1	-1	峨嵋2清音Y5
294	曲遏行云	96	4	1	8	401	5	50	40	90	80	140	120	230	160	372	200	-1	-1	30	-1	44361	-1	-1	峨嵋2清音Y6
295	余音绕梁	34	4	1	8	421	5	50	2000	90	4000	140	6000	230	8000	372	10000	-1	-1	30	-1	-1	-1	-1	峨嵋2清音Y7
296	唯我自在	93	4	1	9	-1	5	96	0	144	0	240	0	384	0	624	0	-1	-1	35	-1	-1	-1	3596	峨嵋2清音Y8
297	凝光照雪	93	4	1	9	-1	5	96	0	144	0	240	0	384	0	624	0	-1	-1	35	-1	-1	-1	3597	峨嵋2清音Y9
298	气定神闲	93	4	1	9	-1	5	96	0	144	0	240	0	384	0	624	0	-1	-1	35	-1	-1	-1	3598	峨嵋2清音Y10
299	蓝砂手·滞脉	88	5	0	6	431	5	12	40	24	80	36	120	60	160	96	200	-1	-1	20	-1	-1	-1	-1	星宿2寒冥X1
300	蓝砂手·攻心	90	5	0	6	431	5	12	10	24	20	36	30	60	40	96	50	-1	-1	20	-1	-1	-1	-1	星宿2寒冥X2
301	冰幽封魂	3	5	0	7	433	5	24	70	36	140	60	210	96	280	156	350	299	5	-1	-1	44362	-1	-1	星宿2寒冥X3
302	索命追魂	20	5	0	7	433	5	24	20	36	40	60	60	96	80	156	100	-1	-1	25	-1	-1	-1	-1	星宿2寒冥X4
303	附骨之疽	106	5	0	7	441	5	24	100	36	200	60	300	96	400	156	500	300	5	-1	-1	-1	-1	-1	星宿2寒冥X5
304	缠缚之怨	3	5	0	8	431	5	50	10	90	20	140	30	230	40	372	50	-1	-1	30	-1	44363	-1	-1	星宿2寒冥X6
305	御守冥星	107	5	0	8	-1	5	50	6	90	12	140	18	230	24	372	30	-1	-1	30	-1	-1	-1	-1	星宿2寒冥X7
306	唯我自在	93	5	0	9	-1	5	96	0	144	0	240	0	384	0	624	0	-1	-1	35	-1	-1	-1	3596	星宿2寒冥X8
307	凝光照雪	93	5	0	9	-1	5	96	0	144	0	240	0	384	0	624	0	-1	-1	35	-1	-1	-1	3597	星宿2寒冥X9
308	气定神闲	93	5	0	9	-1	5	96	0	144	0	240	0	384	0	624	0	-1	-1	35	-1	-1	-1	3598	星宿2寒冥X10
309	蓝砂手·滞脉	88	5	1	6	431	5	12	40	24	80	36	120	60	160	96	200	-1	-1	20	-1	-1	-1	-1	星宿2九厄Y1
310	固若金汤	94	5	1	6	-1	5	12	10	24	20	36	30	60	40	96	50	-1	-1	20	-1	-1	-1	-1	星宿2九厄Y2
311	深幽蚀脉	96	5	1	7	433	5	24	150	36	300	60	450	96	600	156	750	309	5	-1	-1	44364	-1	-1	星宿2九厄Y3
312	厄冥销骨	97	5	1	7	433	5	24	100	36	200	60	300	96	400	156	500	-1	-1	25	-1	-1	-1	-1	星宿2九厄Y4
313	蟾毒碎心	108	5	1	7	-1	5	24	10	36	20	60	30	96	40	156	50	310	5	-1	-1	-1	-1	-1	星宿2九厄Y5
314	噬心摄魄	96	5	1	8	431	5	50	40	90	80	140	120	230	160	372	200	-1	-1	30	-1	44365	-1	-1	星宿2九厄Y6
315	月盈无悲	109	5	1	8	439	5	50	20	90	40	140	60	230	80	372	100	-1	-1	30	-1	-1	-1	-1	星宿2九厄Y7
316	唯我自在	93	5	1	9	-1	5	96	0	144	0	240	0	384	0	624	0	-1	-1	35	-1	-1	-1	3596	星宿2九厄Y8
317	凝光照雪	93	5	1	9	-1	5	96	0	144	0	240	0	384	0	624	0	-1	-1	35	-1	-1	-1	3597	星宿2九厄Y9
318	气定神闲	93	5	1	9	-1	5	96	0	144	0	240	0	384	0	624	0	-1	-1	35	-1	-1	-1	3598	星宿2九厄Y10
319	正阳手·滞脉	88	6	0	6	461	5	12	40	24	80	36	120	60	160	96	200	-1	-1	20	-1	-1	-1	-1	天龙2龙威X1
320	正阳手·攻心	90	6	0	6	461	5	12	10	24	20	36	30	60	40	96	50	-1	-1	20	-1	-1	-1	-1	天龙2龙威X2
321	明月封心	96	6	0	7	463	5	24	120	36	240	60	360	96	480	156	600	319	5	-1	-1	44366	-1	-1	天龙2龙威X3
322	血染澜沧	97	6	0	7	463	5	24	70	36	140	60	210	96	280	156	350	-1	-1	25	-1	-1	-1	-1	天龙2龙威X4
323	指尖晨昏	9	6	0	7	463	5	24	100	36	200	60	300	96	400	156	500	320	5	-1	60	481	-1	-1	天龙2龙威X5
324	袖手蹒跚	96	6	0	8	461	5	50	40	90	80	140	120	230	160	372	200	-1	-1	30	-1	44369	-1	-1	天龙2龙威X6
325	扶光赶月	2	6	0	8	481	5	50	20	90	40	140	60	230	80	372	100	-1	-1	30	-1	-1	-1	-1	天龙2龙威X7
326	唯我自在	93	6	0	9	-1	5	96	0	144	0	240	0	384	0	624	0	-1	-1	35	-1	-1	-1	3596	天龙2龙威X8
327	凝光照雪	93	6	0	9	-1	5	96	0	144	0	240	0	384	0	624	0	-1	-1	35	-1	-1	-1	3597	天龙2龙威X9
328	气定神闲	93	6	0	9	-1	5	96	0	144	0	240	0	384	0	624	0	-1	-1	35	-1	-1	-1	3598	天龙2龙威X10
329	正阳手·滞脉	88	6	1	6	461	5	12	40	24	80	36	120	60	160	96	200	-1	-1	20	-1	-1	-1	-1	天龙2菩天Y1
330	固若金汤	94	6	1	6	-1	5	12	10	24	20	36	30	60	40	96	50	-1	-1	20	-1	-1	-1	-1	天龙2菩天Y2
331	夜雨瞒天	3	6	1	7	463	5	24	30	36	60	60	90	96	120	156	150	329	5	-1	-1	44368	-1	-1	天龙2菩天Y3
332	破妄诀	20	6	1	7	463	5	24	20	36	40	60	60	96	80	156	100	-1	-1	25	-1	-1	-1	-1	天龙2菩天Y4
333	江月悲人	2	6	1	7	469	5	24	2	36	4	60	6	96	8	156	10	330	5	-1	-1	-1	-1	-1	天龙2菩天Y5
334	狂风缓度	3	6	1	8	461	5	50	10	90	20	140	30	230	40	372	50	-1	-1	30	-1	44367	-1	-1	天龙2菩天Y6
335	弹指三更	116	6	1	8	463	5	50	2	90	4	140	6	230	8	372	10	-1	-1	30	30	488	-1	-1	天龙2菩天Y7
336	唯我自在	93	6	1	9	-1	5	96	0	144	0	240	0	384	0	624	0	-1	-1	35	-1	-1	-1	3596	天龙2菩天Y8
337	凝光照雪	93	6	1	9	-1	5	96	0	144	0	240	0	384	0	624	0	-1	-1	35	-1	-1	-1	3597	天龙2菩天Y9
338	气定神闲	93	6	1	9	-1	5	96	0	144	0	240	0	384	0	624	0	-1	-1	35	-1	-1	-1	3598	天龙2菩天Y10
339	雁南飞·破壁	87	7	0	6	491	5	12	40	24	80	36	120	60	160	96	200	-1	-1	20	-1	-1	-1	-1	天山2霜凝X1
340	雁南飞·彻骨	89	7	0	6	491	5	12	10	24	20	36	30	60	40	96	50	-1	-1	20	-1	-1	-1	-1	天山2霜凝X2
341	千里冰封	3	7	0	7	493	5	24	30	36	60	60	90	96	120	156	150	339	5	-1	-1	44370	-1	-1	天山2霜凝X3
342	凤逐千里	2	7	0	7	511	5	24	20	36	40	60	60	96	80	156	100	-1	-1	25	-1	-1	-1	-1	天山2霜凝X4
343	寻风赶月	91	7	0	7	493	5	24	44371	36	44372	60	44373	96	44374	156	44375	340	5	-1	-1	15	-1	-1	天山2霜凝X5
344	霜翎之梏	111	7	0	8	491	5	50	10	90	20	140	30	230	40	372	50	-1	-1	30	-1	44376	-1	-1	天山2霜凝X6
345	如雁如歌	95	7	0	8	491	5	50	44377	90	44378	140	44379	230	44380	372	44381	-1	-1	30	-1	5	-1	-1	天山2霜凝X7
346	风卷行云	93	7	0	9	-1	5	96	0	144	0	240	0	384	0	624	0	-1	-1	35	-1	-1	-1	3593	天山2霜凝X8
347	流风化羽	93	7	0	9	-1	5	96	0	144	0	240	0	384	0	624	0	-1	-1	35	-1	-1	-1	3594	天山2霜凝X9
348	俱寂无声	93	7	0	9	-1	5	96	0	144	0	240	0	384	0	624	0	-1	-1	35	-1	-1	-1	3595	天山2霜凝X10
349	雁南飞·破壁	87	7	1	6	491	5	12	40	24	80	36	120	60	160	96	200	-1	-1	20	-1	-1	-1	-1	天山2雪隐Y1
350	固若金汤	94	7	1	6	-1	5	12	10	24	20	36	30	60	40	96	50	-1	-1	20	-1	-1	-1	-1	天山2雪隐Y2
351	万里霜寒	96	7	1	7	493	5	24	120	36	240	60	360	96	480	156	600	349	5	-1	-1	44382	-1	-1	天山2雪隐Y3
352	惊鸿一击	97	7	1	7	493	5	24	70	36	140	60	210	96	280	156	350	-1	-1	25	-1	-1	-1	-1	天山2雪隐Y4
353	行云流水	9	7	1	7	493	5	24	50	36	100	60	150	96	200	156	250	350	5	-1	999999	495	-1	-1	天山2雪隐Y5
354	凌羽化缚	112	7	1	8	491	5	50	40	90	80	140	120	230	160	372	200	-1	-1	30	-1	44383	-1	-1	天山2雪隐Y6
355	游雁不羁	118	7	1	8	-1	5	50	75	90	150	140	225	230	300	372	375	-1	-1	30	-1	-1	-1	-1	天山2雪隐Y7
356	风卷行云	93	7	1	9	-1	5	96	0	144	0	240	0	384	0	624	0	-1	-1	35	-1	-1	-1	3593	天山2雪隐Y8
357	流风化羽	93	7	1	9	-1	5	96	0	144	0	240	0	384	0	624	0	-1	-1	35	-1	-1	-1	3594	天山2雪隐Y9
358	俱寂无声	93	7	1	9	-1	5	96	0	144	0	240	0	384	0	624	0	-1	-1	35	-1	-1	-1	3595	天山2雪隐Y10
359	落英剑·滞脉	88	8	0	6	521	5	12	40	24	80	36	120	60	160	96	200	-1	-1	20	-1	-1	-1	-1	逍遥2逸仙X1
360	落英剑·攻心	90	8	0	6	521	5	12	10	24	20	36	30	60	40	96	50	-1	-1	20	-1	-1	-1	-1	逍遥2逸仙X2
361	定风波	3	8	0	7	523	5	24	30	36	60	60	90	96	120	156	150	359	5	-1	-1	44384	-1	-1	逍遥2逸仙X3
362	金石为开	117	8	0	7	523	5	24	20	36	40	60	60	96	80	156	100	-1	-1	25	-1	-1	-1	-1	逍遥2逸仙X4
363	夜尽无明	21	8	0	7	533	5	24	20	36	40	60	60	96	80	156	100	360	5	-1	-1	-1	-1	-1	逍遥2逸仙X5
364	寸步难行	3	8	0	8	521	5	50	10	90	20	140	30	230	40	372	50	-1	-1	30	-1	44385	-1	-1	逍遥2逸仙X6
365	剑心至明	97	8	0	8	535	5	50	70	90	140	140	210	230	280	372	350	-1	-1	30	-1	-1	-1	-1	逍遥2逸仙X7
366	唯我自在	93	8	0	9	-1	5	96	0	144	0	240	0	384	0	624	0	-1	-1	35	-1	-1	-1	3596	逍遥2逸仙X8
367	凝光照雪	93	8	0	9	-1	5	96	0	144	0	240	0	384	0	624	0	-1	-1	35	-1	-1	-1	3597	逍遥2逸仙X9
368	气定神闲	93	8	0	9	-1	5	96	0	144	0	240	0	384	0	624	0	-1	-1	35	-1	-1	-1	3598	逍遥2逸仙X10
369	落英剑·滞脉	88	8	1	6	521	5	12	40	24	80	36	120	60	160	96	200	-1	-1	20	-1	-1	-1	-1	逍遥2明鬼Y1
370	固若金汤	94	8	1	6	-1	5	12	10	24	20	36	30	60	40	96	50	-1	-1	20	-1	-1	-1	-1	逍遥2明鬼Y2
371	点灵犀	96	8	1	7	523	5	24	120	36	240	60	360	96	480	156	600	369	5	-1	-1	44386	-1	-1	逍遥2明鬼Y3
372	碎玉研珠	97	8	1	7	523	5	24	20	36	40	60	60	96	80	156	100	-1	-1	25	-1	-1	-1	-1	逍遥2明鬼Y4
373	一念通神	49	8	1	7	525	5	24	50	36	100	60	150	96	200	156	250	370	5	-1	999999	523	-1	-1	逍遥2明鬼Y5
374	摧风倒履	96	8	1	8	521	5	50	40	90	80	140	120	230	160	372	200	-1	-1	30	-1	44387	-1	-1	逍遥2明鬼Y6
375	凭云浣月	49	8	1	8	521	5	50	20	90	40	140	60	230	80	372	100	-1	-1	30	5	527	-1	-1	逍遥2明鬼Y7
376	唯我自在	93	8	1	9	-1	5	96	0	144	0	240	0	384	0	624	0	-1	-1	35	-1	-1	-1	3596	逍遥2明鬼Y8
377	凝光照雪	93	8	1	9	-1	5	96	0	144	0	240	0	384	0	624	0	-1	-1	35	-1	-1	-1	3597	逍遥2明鬼Y9
378	气定神闲	93	8	1	9	-1	5	96	0	144	0	240	0	384	0	624	0	-1	-1	35	-1	-1	-1	3598	逍遥2明鬼Y10
379	弦歌不辍	-1	10	0	1	-1	1	0	0	0	0	0	0	0	0	0	0	-1	-1	-1	-1	-1	-1	-1	曼陀山庄弦歌不缀被动
380	余音·神威	39	10	0	2	760	5	10	200	20	400	30	600	50	800	80	1000	-1	-1	-1	-1	2	-1	-1	曼陀山庄晚籁X1
381	朱弦叹	62	10	0	2	762	5	10	60	20	120	30	180	50	240	80	300	-1	-1	-1	-1	34	-1	-1	曼陀山庄晚籁X2
382	觅知音	20	10	0	3	763	5	20	20	30	40	50	60	80	80	130	100	380	5	-1	-1	-1	-1	-1	曼陀山庄晚籁X3
383	塞下曲	92	10	0	3	767	5	20	20	30	40	50	60	80	80	130	100	380	5	-1	-1	44799	-1	-1	曼陀山庄晚籁X4
384	春泥护花	119	10	0	3	773	5	20	100	30	200	50	300	80	400	130	500	381	5	-1	-1	-1	-1	-1	曼陀山庄晚籁X5
385	殊曲尤续	49	10	0	4	760	5	40	20	70	40	110	60	180	80	290	100	-1	-1	10	2	763	-1	-1	曼陀山庄晚籁X6
386	曲断愁肠	49	10	0	4	771	5	40	80	70	160	110	240	180	320	290	400	-1	-1	10	2	767	-1	-1	曼陀山庄晚籁X7
387	绝调镇魂	41	10	0	5	763	5	80	40	120	80	200	120	320	160	520	200	385	5	-1	-1	-1	-1	-1	曼陀山庄晚籁X8
388	冷露无声	4	10	0	5	769	5	80	100	120	200	200	300	320	400	520	500	-1	-1	15	-1	-1	-1	-1	曼陀山庄晚籁X9
389	悲音不共	120	10	0	5	780	5	80	550	120	600	200	650	320	700	520	750	-1	-1	15	-1	-1	-1	-1	曼陀山庄晚籁X10
390	韶光照野	-1	10	1	1	-1	1	0	0	0	0	0	0	0	0	0	0	-1	-1	-1	-1	-1	-1	-1	曼陀山庄韶光照野被动
391	余音·神威	39	10	1	2	760	5	10	200	20	400	30	600	50	800	80	1000	-1	-1	-1	-1	2	-1	-1	曼陀山庄昭明Y1
392	北风愁杀	33	10	1	2	761	5	10	30	20	60	30	90	50	120	80	150	-1	-1	-1	-1	-1	-1	-1	曼陀山庄昭明Y2
393	阳春唱遍	1	10	1	3	768	5	20	80	30	160	50	240	80	320	130	400	391	5	-1	-1	5	-1	-1	曼陀山庄昭明Y3
394	瘦尽灯花	21	10	1	3	771	5	20	20	30	40	50	60	80	80	130	100	391	5	-1	-1	-1	-1	-1	曼陀山庄昭明Y4
395	春景有限	121	10	1	3	784	5	20	10	30	20	50	30	80	40	130	50	392	5	-1	-1	-1	-1	-1	曼陀山庄昭明Y5
396	莫负今朝	9	10	1	4	763	5	40	50	70	100	110	150	180	200	290	250	-1	-1	10	999	768	-1	-1	曼陀山庄昭明Y6
397	风鼓琼林	122	10	1	4	779	5	40	200	70	400	110	600	180	800	290	1000	-1	-1	10	-1	-1	-1	-1	曼陀山庄昭明Y7
398	心付瑶琴	4	10	1	5	785	5	80	50	120	100	200	150	320	200	520	250	396	5	-1	-1	-1	-1	-1	曼陀山庄昭明Y8
399	急竹繁丝	123	10	1	5	764	5	80	30	120	60	200	90	320	120	520	150	-1	-1	15	-1	44891	-1	-1	曼陀山庄昭明Y9
400	尽奏清商	34	10	1	5	786	5	80	-800	120	-1600	200	-2400	320	-3200	520	-4000	-1	-1	15	-1	-1	-1	-1	曼陀山庄昭明Y10
401	余音·滞脉	88	10	0	6	760	5	12	40	24	80	36	120	60	160	96	200	-1	-1	20	-1	-1	-1	-1	曼陀山庄2晚籁X1
402	余音·攻心	90	10	0	6	760	5	12	10	24	20	36	30	60	40	96	50	-1	-1	20	-1	-1	-1	-1	曼陀山庄2晚籁X2
403	尘曲休	3	10	0	7	763	5	24	30	36	60	60	90	96	120	156	150	401	5	-1	-1	44912	-1	-1	曼陀山庄2晚籁X3
404	曲震林樾	124	10	0	7	763	5	24	20	36	40	60	60	96	80	156	100	-1	-1	25	-1	-1	-1	-1	曼陀山庄2晚籁X4
405	五音迷障	21	10	0	7	775	5	24	20	36	40	60	60	96	80	156	100	402	5	-1	-1	-1	-1	-1	曼陀山庄2晚籁X5
406	孤声留客	3	10	0	8	760	5	50	10	90	20	140	30	230	40	372	50	-1	-1	30	-1	44913	-1	-1	曼陀山庄2晚籁X6
407	弦送寒音	49	10	0	8	775	5	50	60	90	120	140	180	230	240	372	300	405	5	-1	2	763	-1	-1	曼陀山庄2晚籁X7
408	唯我自在	93	10	0	9	-1	5	96	0	144	0	240	0	384	0	624	0	-1	-1	35	-1	-1	-1	3596	曼陀山庄2晚籁X8
409	凝光照雪	93	10	0	9	-1	5	96	0	144	0	240	0	384	0	624	0	-1	-1	35	-1	-1	-1	3597	曼陀山庄2晚籁X9
410	气定神闲	93	10	0	9	-1	5	96	0	144	0	240	0	384	0	624	0	-1	-1	35	-1	-1	-1	3598	曼陀山庄2晚籁X10
411	余音·滞脉	88	10	1	6	760	5	12	40	24	80	36	120	60	160	96	200	-1	-1	20	-1	-1	-1	-1	曼陀山庄2昭明Y1
412	固若金汤	94	10	1	6	-1	5	12	10	24	20	36	30	60	40	96	50	-1	-1	20	-1	-1	-1	-1	曼陀山庄2昭明Y2
413	春寒寂	96	10	1	7	763	5	24	120	36	240	60	360	96	480	156	600	411	5	-1	-1	44914	-1	-1	曼陀山庄2昭明Y3
414	长歌当哭	97	10	1	7	763	5	24	70	36	140	60	210	96	280	156	350	-1	-1	25	-1	-1	-1	-1	曼陀山庄2昭明Y4
415	振衣天风	125	10	1	7	766	5	24	100	36	200	60	300	96	400	156	500	412	5	-1	-1	-1	-1	-1	曼陀山庄2昭明Y5
416	流云不转	3	10	1	8	760	5	50	40	90	80	140	120	230	160	372	200	-1	-1	30	-1	44915	-1	-1	曼陀山庄2昭明Y6
417	入阵曲	126	10	1	8	763	5	50	100	90	200	140	300	230	400	372	500	-1	-1	30	-1	-1	-1	-1	曼陀山庄2昭明Y7
418	唯我自在	93	10	1	9	-1	5	96	0	144	0	240	0	384	0	624	0	-1	-1	35	-1	-1	-1	3596	曼陀山庄2昭明Y8
419	凝光照雪	93	10	1	9	-1	5	96	0	144	0	240	0	384	0	624	0	-1	-1	35	-1	-1	-1	3597	曼陀山庄2昭明Y9
420	气定神闲	93	10	1	9	-1	5	96	0	144	0	240	0	384	0	624	0	-1	-1	35	-1	-1	-1	3598	曼陀山庄2昭明Y10
421	大道佛光	127	0	0	10	-1	5	15	1	30	2	45	3	75	4	120	5	-1	-1	40	-1	-1	-1	-1	少林3罗汉X1
422	破孽化痂	128	0	0	10	281	5	15	3	30	6	45	9	75	12	120	15	-1	-1	40	-1	-1	-1	-1	少林3罗汉X2
423	四相化无	129	0	0	11	291	5	30	30	45	60	75	90	120	120	195	150	-1	-1	45	-1	-1	-1	-1	少林3罗汉X3
424	佛手莲花	105	0	0	11	-1	5	30	20	45	40	75	60	120	80	195	100	-1	-1	45	-1	285	-1	-1	少林3罗汉X4
425	问道禅宗	142	0	0	11	-1	5	30	15	45	30	75	45	120	60	195	75	-1	-1	45	-1	43	-1	-1	少林3罗汉X5
426	金刚断臂	131	0	0	12	297	5	60	40	105	80	165	120	270	160	435	200	-1	-1	50	-1	-1	-1	-1	少林3罗汉X6
427	入定罗汉	34	0	0	12	282	5	60	600	105	1200	165	1800	270	2400	435	3000	-1	-1	50	-1	-1	-1	-1	少林3罗汉X7
428	地狱无魔	133	0	0	13	-1	5	120	150	180	300	300	450	480	600	780	750	426	5	-1	-1	-1	-1	-1	少林3罗汉X8
429	一念起	134	0	0	13	300	5	120	-20	180	-40	300	-60	480	-80	780	-100	-1	-1	55	-1	40	40	-1	少林3罗汉X9
430	乾坤有私	135	0	0	13	306	5	120	200	180	400	300	600	480	800	780	1000	-1	-1	55	-1	-1	-1	-1	少林3罗汉X10
431	十地大乘	136	0	1	10	-1	5	15	-10	30	-20	45	-30	75	-40	120	-50	-1	-1	40	-1	-1	-1	-1	少林3金刚Y1
432	去来自在	137	0	1	10	-1	5	15	10	30	20	45	30	75	40	120	50	-1	-1	40	-1	-1	-1	-1	少林3金刚Y2
433	愚者行慧	95	0	1	11	282	5	30	45890	45	45891	75	45892	120	45893	195	45894	-1	-1	45	-1	1000	-1	-1	少林3金刚Y3
434	金刚喻定	29	0	1	11	288	5	30	45895	45	45896	75	45897	120	45898	195	45899	-1	-1	45	-1	3828	-1	-1	少林3金刚Y4
435	参求有悟	138	0	1	11	293	5	30	2	45	4	75	6	120	8	195	10	-1	-1	45	-1	-1	-1	-1	少林3金刚Y5
436	无量劫	139	0	1	12	282	5	60	100	105	200	165	300	270	400	435	500	-1	-1	50	-1	-1	-1	-1	少林3金刚Y6
437	慈心渡化	22	0	1	12	-1	5	60	100	105	200	165	300	270	400	435	500	-1	-1	50	-1	282	2	-1	少林3金刚Y7
438	众生皆苦	134	0	1	13	300	5	120	20	180	40	300	60	480	80	780	100	-1	-1	55	-1	-20	-20	-1	少林3金刚Y8
439	心生六道	82	0	1	13	289	5	120	45900	180	45901	300	45902	480	45903	780	45904	-1	-1	55	-1	-1	-1	-1	少林3金刚Y9
440	我佛慈悲	140	0	1	13	-1	5	120	45910	180	45911	300	45912	480	45913	780	45914	-1	-1	55	-1	-1	-1	-1	少林3金刚Y10
441	生死同途	141	1	0	10	3293	5	15	6	30	12	45	18	75	24	120	30	-1	-1	40	-1	8	8	-1	明教3天罗X1
442	气势如虹	143	1	0	10	3293	5	15	10	30	20	45	30	75	40	120	50	-1	-1	40	-1	-1	-1	-1	明教3天罗X2
443	战火灼野	41	1	0	11	312	5	30	30	45	60	75	90	120	120	195	150	-1	-1	45	-1	-1	-1	-1	明教3天罗X3
444	穹风追焰	21	1	0	11	325	5	30	100	45	200	75	300	120	400	195	500	-1	-1	45	-1	-1	-1	-1	明教3天罗X4
445	刀意横秋	144	1	0	11	319	5	30	120	45	240	75	360	120	480	195	600	442	5	-1	-1	-1	-1	-1	明教3天罗X5
446	目如庭燎	62	1	0	12	326	5	60	200	105	400	165	600	270	800	435	1000	-1	-1	50	-1	34	-1	-1	明教3天罗X6
447	烈火焚心	145	1	0	12	331	5	60	40	105	80	165	120	270	160	435	200	-1	-1	50	-1	-6	-6	-1	明教3天罗X7
448	兵锋所向	82	1	0	13	335	5	120	45920	180	45921	300	45922	480	45923	780	45924	-1	-1	55	-1	-1	-1	-1	明教3天罗X8
449	阳焰长燃	34	1	0	13	331	5	120	10000	180	20000	300	30000	480	40000	780	50000	-1	-1	55	-1	-1	-1	-1	明教3天罗X9
450	炽刃破甲	146	1	0	13	335	5	120	1	180	2	300	3	480	4	780	5	447	5	-1	-1	-1	-1	-1	明教3天罗X10
451	东山再起	147	1	1	10	-1	5	15	4	30	8	45	12	75	16	120	20	-1	-1	40	-1	-1	-1	-1	明教3血戾Y1
452	龙啸惊天	41	1	1	10	313	5	15	60	30	120	45	180	75	240	120	300	-1	-1	40	-1	-1	-1	-1	明教3血戾Y2
453	水龙缚	148	1	1	11	321	5	30	45925	45	45926	75	45927	120	45928	195	45929	451	5	-1	-1	-1	-1	-1	明教3血戾Y3
454	涸泽而衰	149	1	1	11	319	5	30	2	45	4	75	6	120	8	195	10	-1	-1	45	-1	-1	-1	-1	明教3血戾Y4
455	烬灭八方	6	1	1	11	327	5	30	1	45	2	75	3	120	4	195	5	452	5	-1	-1	-1	-1	-1	明教3血戾Y5
456	煌煌焰明	18	1	1	12	326	5	60	1	105	2	165	3	270	5	435	8	-1	-1	50	-1	35	-1	-1	明教3血戾Y6
457	业火重燃	2	1	1	12	334	5	60	5000	105	10000	165	15000	270	20000	435	25000	-1	-1	50	-1	-1	-1	-1	明教3血戾Y7
458	斩破乾坤	150	1	1	13	335	5	120	40	180	80	300	120	480	160	780	200	456	5	-1	-1	-1	-1	-1	明教3血戾Y8
459	猛火破阵	151	1	1	13	330	5	120	3	180	6	300	9	480	12	780	15	-1	-1	55	-1	-1	-1	-1	明教3血戾Y9
460	流荧难缚	152	1	1	13	335	5	120	100	180	200	300	300	480	400	780	500	457	5	-1	-1	130	43	-1	明教3血戾Y10
461	连山绝命	153	2	0	10	-1	5	15	10	30	20	45	30	75	40	120	50	-1	-1	40	-1	-1	-1	-1	丐帮3酒狂X1
462	苍龙醉意	154	2	0	10	347	5	15	10	30	20	45	30	75	40	120	50	-1	-1	40	-1	-1	-1	-1	丐帮3酒狂X2
463	风斩楼兰	33	2	0	11	343	5	30	80	45	160	75	240	120	320	195	400	461	5	-1	-1	-1	-1	-1	丐帮3酒狂X3
464	浊酒止戈	155	2	0	11	364	5	30	200	45	400	75	600	120	800	195	1000	-1	-1	45	-1	-1	-1	-1	丐帮3酒狂X4
465	骤雨裁光	2	2	0	11	364	5	30	8000	45	16000	75	24000	120	32000	195	40000	-1	-1	45	-1	-1	-1	-1	丐帮3酒狂X5
466	暮景将尽	2	2	0	12	344	5	60	3000	105	6000	165	9000	270	12000	435	15000	-1	-1	50	-1	-1	-1	-1	丐帮3酒狂X6
467	纵酒伏龙	156	2	0	12	347	5	60	40	105	80	165	120	270	160	435	200	-1	-1	50	45930	40	80	-1	丐帮3酒狂X7
468	寒山三叠	157	2	0	13	357	5	120	100	180	200	300	300	480	400	780	500	-1	-1	55	-1	-1	-1	-1	丐帮3酒狂X8
469	凛冰入喉	158	2	0	13	357	5	120	70	180	140	300	210	480	280	780	350	-1	-1	55	-1	-1	-1	-1	丐帮3酒狂X9
470	霜龙饮雪	159	2	0	13	347	5	120	80	180	160	300	240	480	320	780	400	-1	-1	55	-1	-1	-1	-1	丐帮3酒狂X10
471	万劫飞影	160	2	1	10	-1	5	15	45931	30	45932	45	45933	75	45934	120	45935	-1	-1	40	-1	348	-1	-1	丐帮3行侠Y1
472	万星敛月	116	2	1	10	361	5	15	500	30	1000	45	1500	75	2000	120	2500	-1	-1	40	-1	365	-1	-1	丐帮3行侠Y2
473	羽幻光阴	161	2	1	11	-1	5	30	200	45	400	75	600	120	800	195	1000	471	5	-1	-1	364	2000	-1	丐帮3行侠Y3
474	目眇音销	2	2	1	11	348	5	30	5000	45	10000	75	15000	120	20000	195	25000	-1	-1	45	-1	-1	-1	-1	丐帮3行侠Y4
475	乾坤刹那	2	2	1	11	365	5	30	3000	45	6000	75	9000	120	12000	195	15000	472	5	-1	-1	-1	-1	-1	丐帮3行侠Y5
476	狂风逐雨	110	2	1	12	342	5	60	30	105	60	165	90	270	120	435	150	-1	-1	50	999	342	60	-1	丐帮3行侠Y6
477	西风迟啸	34	2	1	12	365	5	60	500	105	1000	165	1500	270	2000	435	3000	-1	-1	50	-1	-1	-1	-1	丐帮3行侠Y7
478	江海停舟	162	2	1	13	342	5	120	45936	180	45937	300	45938	480	45939	780	45940	476	5	-1	-1	1	-1	-1	丐帮3行侠Y8
479	千树凋零	163	2	1	13	365	5	120	10	180	20	300	30	480	40	780	50	-1	-1	55	-1	-1	-1	-1	丐帮3行侠Y9
480	掠影扶光	164	2	1	13	365	5	120	30	180	60	300	90	480	120	780	150	477	5	-1	-1	-1	-1	-1	丐帮3行侠Y10
481	剑气纵横	165	3	0	10	382	5	15	8	30	16	45	24	75	32	120	40	-1	-1	40	-1	-1	-1	-1	武当3凭虚X1
482	归去来兮	166	3	0	10	383	5	15	45941	30	45942	45	45943	75	45944	120	45945	-1	-1	40	-1	-1	-1	-1	武当3凭虚X2
483	道化生元	167	3	0	11	392	5	30	150	45	300	75	450	120	600	195	750	481	5	-1	-1	-1	-1	-1	武当3凭虚X3
484	风骤剑鸣	53	3	0	11	377	5	30	100	45	200	75	300	120	400	195	500	-1	-1	45	-1	-1	-1	-1	武当3凭虚X4
485	固本归元	82	3	0	11	394	5	30	45946	45	45947	75	45948	120	45949	195	45950	482	5	-1	-1	-1	-1	-1	武当3凭虚X5
486	势如破竹	168	3	0	12	381	5	60	50	105	100	165	150	270	200	435	250	-1	-1	50	-1	-1	-1	-1	武当3凭虚X6
487	玉束凌寒	21	3	0	12	385	5	60	20	105	40	165	60	270	80	435	100	-1	-1	50	-1	-1	-1	-1	武当3凭虚X7
488	断空斩月	105	3	0	13	-1	5	120	20	180	40	300	60	480	80	780	100	-1	-1	55	-1	391	-1	-1	武当3凭虚X8
489	寸寸琢	169	3	0	13	378	5	120	45951	180	45952	300	45953	480	45954	780	45955	-1	-1	55	-1	-1	-1	-1	武当3凭虚X9
490	剑意流转	170	3	0	13	377	5	120	40	180	80	300	120	480	160	780	200	-1	-1	55	-1	45956	-1	-1	武当3凭虚X10
491	风骤剑鸣	53	3	1	10	377	5	15	100	30	200	45	300	75	400	120	500	-1	-1	40	-1	-1	-1	-1	武当3摘星Y1
492	明心见道	62	3	1	10	386	5	15	200	30	400	45	600	75	800	120	1000	-1	-1	40	-1	35	-1	-1	武当3摘星Y2
493	石破天惊	33	3	1	11	377	5	30	70	45	140	75	210	120	280	195	350	491	5	-1	-1	-1	-1	-1	武当3摘星Y3
494	寒缠破	19	3	1	11	374	5	30	10	45	20	75	30	120	40	195	50	-1	-1	45	-1	-1	-1	-1	武当3摘星Y4
495	锋芒毕露	19	3	1	11	395	5	30	10	45	20	75	30	120	40	195	50	492	5	-1	-1	-1	-1	-1	武当3摘星Y5
496	霜刃碎空	171	3	1	12	381	5	60	46006	105	46007	165	46008	270	46009	435	46010	-1	-1	50	-1	-1	-1	-1	武当3摘星Y6
497	剑破苍穹	1	3	1	12	395	5	60	4000	105	8000	165	12000	270	16000	435	20000	-1	-1	50	-1	2	-1	-1	武当3摘星Y7
498	禁动方位	34	3	1	13	391	5	120	200	180	400	300	600	480	800	780	1000	-1	-1	55	-1	-1	-1	-1	武当3摘星Y8
499	鹤啼长空	172	3	1	13	387	5	120	40	180	80	300	120	480	160	780	200	-1	-1	55	-1	-1	-1	-1	武当3摘星Y9
500	寂然万载	34	3	1	13	395	5	120	100	180	200	300	300	480	400	780	500	497	5	-1	-1	-1	-1	-1	武当3摘星Y10
501	日月同辉	173	4	0	10	409	5	15	6	30	12	45	18	75	24	120	30	-1	-1	40	-1	-1	-1	-1	峨嵋3沁芳X1
502	惊鹊献芳	174	4	0	10	409	5	15	45957	30	45958	45	45959	75	45960	120	45961	-1	-1	40	-1	-1	-1	-1	峨嵋3沁芳X2
503	且消残霜	53	4	0	11	408	5	30	100	45	200	75	300	120	400	195	500	-1	-1	45	-1	-1	-1	-1	峨嵋3沁芳X3
504	三千情思	175	4	0	11	408	5	30	20	45	40	75	60	120	80	195	100	-1	-1	45	-1	-1	-1	-1	峨嵋3沁芳X4
505	天地一隅	176	4	0	11	413	5	30	20	45	40	75	60	120	80	195	100	-1	-1	45	-1	409	-1	-1	峨嵋3沁芳X5
506	梵音渡世	170	4	0	12	424	5	60	10	105	20	165	30	270	40	435	50	-1	-1	50	-1	45962	-1	-1	峨嵋3沁芳X6
507	暗香透	177	4	0	12	411	5	60	100	105	200	165	300	270	400	435	500	98	5	50	-1	-1	-1	-1	峨嵋3沁芳X7
508	两袖清风	132	4	0	13	424	5	120	20	180	40	300	60	480	80	780	100	506	5	-1	-1	45963	-1	-1	峨嵋3沁芳X8
509	青灯照壁	29	4	0	13	406	5	120	45964	180	45965	300	45966	480	45967	780	45968	99	5	55	-1	3829	-1	-1	峨嵋3沁芳X9
510	秋花春解	178	4	0	13	426	5	120	80	180	160	300	240	480	320	780	400	-1	-1	55	-1	46021	-1	-1	峨嵋3沁芳X10
511	三更雪	81	4	1	10	416	5	15	20	30	40	45	60	75	80	120	100	-1	-1	40	-1	-1	-1	-1	峨嵋3清音Y1
512	断骨连筋	179	4	1	10	404	5	15	200	30	400	45	600	75	800	120	1000	-1	-1	40	-1	-1	-1	-1	峨嵋3清音Y2
513	葬花辞岁	2	4	1	11	415	5	30	1000	45	2000	75	3000	120	4000	195	5000	-1	-1	45	-1	-1	-1	-1	峨嵋3清音Y3
514	妄见普贤	2	4	1	11	405	5	30	2000	45	4000	75	6000	120	8000	195	10000	-1	-1	45	-1	-1	-1	-1	峨嵋3清音Y4
515	两情昭	2	4	1	11	417	5	30	4000	45	8000	75	12000	120	16000	195	20000	-1	-1	45	-1	-1	-1	-1	峨嵋3清音Y5
516	月盈西楼	19	4	1	12	403	5	60	10	105	20	165	30	270	40	435	50	-1	-1	50	-1	-1	-1	-1	峨嵋3清音Y6
517	云开见日	53	4	1	12	403	5	60	100	105	200	165	300	270	400	435	500	-1	-1	50	-1	-1	-1	-1	峨嵋3清音Y7
518	情债追	98	4	1	13	403	5	120	200	180	400	300	600	480	800	780	1000	516	5	-1	-1	45969	-1	-1	峨嵋3清音Y8
519	倚风落月 	9	4	1	13	426	5	120	200	180	400	300	600	480	800	780	1000	-1	-1	55	999	426	-1	-1	峨嵋3清音Y9
520	江河入盏	3	4	1	13	424	5	120	30	180	60	300	90	480	120	780	150	-1	-1	55	-1	45995	-1	-1	峨嵋3清音Y10
521	天星凝辉	180	5	0	10	3296	5	15	1	30	2	45	3	75	4	120	5	-1	-1	40	-1	-1	-1	-1	星宿3寒冥X1
522	冥星掩日	181	5	0	10	3296	5	15	1	30	2	45	3	75	4	120	5	-1	-1	40	-1	-1	-1	-1	星宿3寒冥X2
523	天残手	182	5	0	11	445	5	30	1500	45	3000	75	4500	120	6000	195	7500	521	5	-1	-1	-1	-1	-1	星宿3寒冥X3
524	毒入肺腑	21	5	0	11	441	5	30	30	45	60	75	90	120	120	195	150	-1	-1	45	-1	-1	-1	-1	星宿3寒冥X4
525	形魂俱灭	33	5	0	11	432	5	30	80	45	160	75	240	120	320	195	400	522	5	-1	-1	-1	-1	-1	星宿3寒冥X5
526	反掌易势	2	5	0	12	451	5	60	20000	105	40000	165	60000	270	80000	435	100000	-1	-1	50	-1	-1	-1	-1	星宿3寒冥X6
527	蚀骨锥心	40	5	0	12	451	5	60	20	105	40	165	60	270	80	435	100	-1	-1	50	-1	-1	-1	-1	星宿3寒冥X7
528	天地归一	183	5	0	13	450	5	120	40	180	80	300	120	480	160	780	200	-1	-1	55	-1	-1	-1	-1	星宿3寒冥X8
529	天星高照	184	5	0	13	3296	5	120	45970	180	45971	300	45972	480	45973	780	45974	-1	-1	55	-1	-1	-1	-1	星宿3寒冥X9
530	幽冥引渡	116	5	0	13	433	5	120	4000	180	8000	300	12000	480	16000	780	20000	-1	-1	55	-1	455	-1	-1	星宿3寒冥X10
531	手释百毒	9	5	1	10	431	5	15	34	30	38	45	42	75	46	120	50	-1	-1	40	9999	454	435	-1	星宿3九厄Y1
532	封经绝脉	185	5	1	10	454	5	15	100	30	200	45	300	75	400	120	500	-1	-1	40	-1	-1	-1	-1	星宿3九厄Y2
533	尾针破障	95	5	1	11	434	5	30	45975	45	45976	75	45977	120	45978	195	45979	531	5	-1	-1	100	-1	-1	星宿3九厄Y3
534	催命手	171	5	1	11	441	5	30	45980	45	45981	75	45982	120	45983	195	45984	-1	-1	45	-1	-1	-1	-1	星宿3九厄Y4
535	化朽解忧	9	5	1	11	451	5	30	100	45	200	75	300	120	400	195	500	532	5	-1	9999	454	-1	-1	星宿3九厄Y5
536	月沉永夜	186	5	1	12	455	5	60	45985	105	45986	165	45987	270	45988	435	45989	-1	-1	50	-1	-1	-1	-1	星宿3九厄Y6
537	一手遮天	187	5	1	12	431	5	60	6000	105	12000	165	18000	270	24000	435	30000	-1	-1	50	100	451	-1	-1	星宿3九厄Y7
538	命悬一笑	188	5	1	13	-1	5	120	20	180	40	300	60	480	80	780	100	-1	-1	55	-1	454	-1	-1	星宿3九厄Y8
539	金仙无救	33	5	1	13	450	5	120	30	180	60	300	90	480	120	780	150	-1	-1	55	-1	-1	-1	-1	星宿3九厄Y9
540	神鬼同泣	19	5	1	13	450	5	120	12	180	24	300	36	480	48	780	60	-1	-1	55	-1	-1	-1	-1	星宿3九厄Y10
541	乾坤一指	189	6	0	10	463	5	15	50	30	100	45	150	75	200	120	250	-1	-1	40	-1	-1	-1	-1	天龙3龙威X1
542	腾龙一怒	82	6	0	10	462	5	15	45990	30	45991	45	45992	75	45993	120	45994	-1	-1	40	-1	-1	-1	-1	天龙3龙威X2
543	冲云破雾	171	6	0	11	471	5	30	46051	45	46052	75	46053	120	46054	195	46055	541	5	-1	-1	-1	-1	-1	天龙3龙威X3
544	封神绝脉	190	6	0	11	475	5	30	40	45	80	75	120	120	160	195	200	-1	-1	45	-1	-1	-1	-1	天龙3龙威X4
545	金乌常照	191	6	0	11	462	5	30	100	45	200	75	300	120	400	195	500	542	5	-1	-1	-1	-1	-1	天龙3龙威X5
546	沥血剑气	186	6	0	12	487	5	60	45996	105	45998	165	46000	270	46002	435	46004	-1	-1	50	-1	-1	-1	-1	天龙3龙威X6
547	断戟残鳞	186	6	0	12	481	5	60	46011	105	46012	165	46013	270	46014	435	46015	-1	-1	50	-1	-1	-1	-1	天龙3龙威X7
548	剑心透甲	95	6	0	13	488	5	120	46016	180	46017	300	46018	480	46019	780	46020	-1	-1	55	-1	100	-1	-1	天龙3龙威X8
549	摧阳断月	150	6	0	13	480	5	120	20	180	40	300	60	480	80	780	100	-1	-1	55	-1	-1	-1	-1	天龙3龙威X9
550	正念恒存	34	6	0	13	480	5	120	1000	180	2000	300	3000	480	4000	780	5000	-1	-1	55	-1	-1	-1	-1	天龙3龙威X10
551	刹念无常	192	6	1	10	461	5	15	10	30	20	45	30	75	40	120	50	-1	-1	40	-1	-1	-1	-1	天龙3菩天Y1
552	破釜沉舟	193	6	1	10	468	5	15	2	30	4	45	6	75	8	120	10	-1	-1	40	-1	-1	-1	-1	天龙3菩天Y2
553	四行相通	217	6	1	11	463	5	30	46023	45	46024	75	46025	120	46026	195	46027	551	5	-1	-1	-1	-1	-1	天龙3菩天Y3
554	残阳照血	185	6	1	11	487	5	30	300	45	600	75	900	120	1200	195	1500	-1	-1	45	-1	-1	-1	-1	天龙3菩天Y4
555	凋花蚀英	186	6	1	11	481	5	30	46028	45	46029	75	46030	120	46031	195	46032	552	5	-1	-1	-1	-1	-1	天龙3菩天Y5
556	剑影连袭	9	6	1	12	461	5	60	100	105	200	165	300	270	400	435	500	-1	-1	50	2	488	-1	-1	天龙3菩天Y6
557	连环妙手	9	6	1	12	461	5	60	100	105	200	165	300	270	400	435	500	-1	-1	50	2	465	-1	-1	天龙3菩天Y7
558	疾指穿心	188	6	1	13	-1	5	120	40	180	80	300	120	480	160	780	200	556	5	-1	-1	488	-1	-1	天龙3菩天Y8
559	临下之势	194	6	1	13	461	5	120	140	180	280	300	420	480	560	780	700	-1	-1	55	-1	-1	-1	-1	天龙3菩天Y9
560	泰山压顶	195	6	1	13	461	5	120	10	180	20	300	30	480	40	780	50	-1	-1	55	-1	-1	-1	-1	天龙3菩天Y10
561	寒光映月	196	7	0	10	491	5	15	20	30	40	45	60	75	80	120	100	-1	-1	40	-1	-1	-1	-1	天山3霜凝X1
562	岁暮天寒	197	7	0	10	-1	5	15	400	30	800	45	1200	75	1600	120	2000	-1	-1	40	-1	113	-1	-1	天山3霜凝X3
563	朔风凛雪	33	7	0	11	493	5	30	60	45	120	75	180	120	240	195	300	-1	-1	45	-1	-1	-1	-1	天山3霜凝X3
564	寻梅逐影	62	7	0	11	506	5	30	200	45	400	75	600	120	800	195	1000	-1	-1	45	-1	34	-1	-1	天山3霜凝X4
565	苍鹰逐日	33	7	0	11	492	5	30	30	45	60	75	90	120	120	195	150	-1	-1	45	-1	-1	-1	-1	天山3霜凝X5
566	寒冰缚步	148	7	0	12	505	5	60	46033	105	46034	165	46035	270	46036	435	46037	-1	-1	50	-1	-1	-1	-1	天山3霜凝X6
567	千秋寒雪	198	7	0	12	501	5	60	46038	105	46039	165	46040	270	46041	435	46042	-1	-1	50	-1	-1	-1	-1	天山3霜凝X7
568	曲中人	199	7	0	13	510	5	120	20	180	40	300	60	480	80	780	100	566	5	-1	-1	-1	-1	-1	天山3霜凝X8
569	霜凝寒聚	200	7	0	13	498	5	120	20	180	40	300	60	480	90	780	120	-1	-1	55	-1	2	-1	-1	天山3霜凝X9
570	飞花连影	2	7	0	13	498	5	120	2000	180	4000	300	6000	480	8000	780	10000	-1	-1	55	-1	-1	-1	-1	天山3霜凝X10
571	杀意不息	197	7	1	10	-1	5	15	300	30	600	45	900	75	1200	120	1500	-1	-1	40	-1	115	-1	-1	天山3雪隐Y1
572	凤羽凌霄	19	7	1	10	493	5	15	10	30	20	45	30	75	40	120	50	-1	-1	40	-1	-1	-1	-1	天山3雪隐Y3
573	及锋而试	201	7	1	11	511	5	30	50	45	60	75	70	120	80	195	90	571	5	-1	-1	30	-1	-1	天山3雪隐Y3
574	破冰裁雪	188	7	1	11	-1	5	30	60	45	120	75	180	120	240	195	300	-1	-1	45	-1	516	-1	-1	天山3雪隐Y4
575	冰雪无声	96	7	1	11	505	5	30	80	45	160	75	240	120	320	195	400	572	5	-1	-1	46043	-1	-1	天山3雪隐Y5
576	兰雪纷飞	116	7	1	12	499	5	60	6000	105	12000	165	18000	270	24000	435	30000	-1	-1	50	-1	499	-1	-1	天山3雪隐Y6
577	连寒三冬	2	7	1	12	515	5	60	8000	105	16000	165	24000	270	32000	435	40000	-1	-1	50	-1	-1	-1	-1	天山3雪隐Y7
578	瓮中捉鳖	219	7	1	13	-1	5	120	6	180	12	300	18	480	24	780	30	576	5	-1	-1	499	511	-1	天山3雪隐Y8
579	杀心透骨	202	7	1	13	-1	5	120	10	180	20	300	30	480	50	780	70	-1	-1	55	-1	-1	-1	-1	天山3雪隐Y9
580	悲歌击筑	203	7	1	13	510	5	120	30	180	60	300	90	480	120	780	150	-1	-1	55	-1	-1	-1	-1	天山3雪隐Y10
581	落英点星	204	8	0	10	521	5	15	100	30	200	45	300	75	400	120	500	-1	-1	40	-1	-1	-1	-1	逍遥3逸仙X1
582	沧海升涛	72	8	0	10	544	5	15	200	30	400	45	600	75	800	120	1000	-1	-1	40	-1	-1	-1	-1	逍遥3逸仙X2
583	指聚芳华	33	8	0	11	523	5	30	50	45	100	75	150	120	200	195	250	581	5	-1	-1	-1	-1	-1	逍遥3逸仙X3
584	暴雨笼月	190	8	0	11	533	5	30	50	45	100	75	150	120	200	195	250	-1	-1	45	-1	-1	-1	-1	逍遥3逸仙X4
585	渊心渐明	2	8	0	11	541	5	30	30000	45	60000	75	90000	120	120000	195	150000	582	5	-1	-1	-1	-1	-1	逍遥3逸仙X5
586	落花时浅	9	8	0	12	521	5	60	80	105	160	165	240	270	320	435	400	-1	-1	50	2	535	-1	-1	逍遥3逸仙X6
587	弹指破云	97	8	0	12	523	5	60	120	105	240	165	360	270	480	435	600	-1	-1	50	-1	-1	-1	-1	逍遥3逸仙X7
588	潮音惊风	190	8	0	13	535	5	120	30	180	60	300	90	480	120	780	150	586	5	-1	-1	-1	-1	-1	逍遥3逸仙X8
589	海棠摧树	21	8	0	13	535	5	120	6	180	12	300	18	480	24	780	30	-1	-1	55	-1	-1	-1	-1	逍遥3逸仙X9
590	凭风折柳	9	8	0	13	523	5	120	100	180	200	300	300	480	400	780	500	-1	-1	55	999	523	-1	-1	逍遥3逸仙X10
591	欲观烟雨	205	8	1	10	521	5	15	10	30	20	45	30	75	40	120	50	-1	-1	40	-1	-1	-1	-1	逍遥3明鬼Y1
592	久负晚晴	206	8	1	10	536	5	15	1000	30	2000	45	3000	75	4000	120	5000	-1	-1	40	-1	-1	-1	-1	逍遥3明鬼Y2
593	此间朝夕	53	8	1	11	527	5	30	100	45	200	75	300	120	400	195	500	591	5	-1	-1	-1	-1	-1	逍遥3明鬼Y3
594	指聚芳华	33	8	1	11	523	5	30	50	45	100	75	150	120	200	195	250	-1	-1	45	-1	-1	-1	-1	逍遥3明鬼Y4
595	桃枝解意	53	8	1	11	522	5	30	100	45	200	75	300	120	400	195	500	592	5	-1	-1	-1	-1	-1	逍遥3明鬼Y5
596	月堕春归	9	8	1	12	521	5	60	200	105	400	165	600	270	800	435	1000	-1	-1	50	3	545	525	-1	逍遥3明鬼Y6
597	松风撼岳	97	8	1	12	535	5	60	140	105	280	165	420	270	560	435	700	-1	-1	50	-1	-1	-1	-1	逍遥3明鬼Y7
598	暮雪除光	95	8	1	13	525	5	120	46056	180	46057	300	46058	480	46059	780	46060	596	5	-1	-1	100	-1	-1	逍遥3明鬼Y8
599	青莲缠步	207	8	1	13	545	5	120	60	180	120	300	180	480	240	780	300	596	5	-1	-1	46044	-1	-1	逍遥3明鬼Y9
600	垂云落絮	208	8	1	13	535	5	120	30	180	70	300	100	480	140	780	180	597	5	-1	-1	350	-1	-1	逍遥3明鬼Y10
601	春色撩人	209	10	0	10	-1	5	15	20	30	40	45	60	75	80	120	100	-1	-1	40	-1	-1	-1	-1	曼陀3晚籁X1
602	迎寒回雪	2	10	0	10	761	5	15	4000	30	8000	45	12000	75	16000	120	20000	-1	-1	40	-1	-1	-1	-1	曼陀3晚籁X2
603	孤芳缀枝	210	10	0	11	768	5	30	70	45	140	75	210	120	280	195	350	601	5	-1	-1	-1	-1	-1	曼陀3晚籁X3
604	吟枯木	21	10	0	11	784	5	30	40	45	80	75	120	120	160	195	200	-1	-1	45	-1	-1	-1	-1	曼陀3晚籁X4
605	玉振金声	97	10	0	11	763	5	30	120	45	240	75	360	120	480	195	600	602	5	-1	-1	-1	-1	-1	曼陀3晚籁X5
606	秋波澹澹	34	10	0	12	767	5	60	2000	105	4000	165	6000	270	8000	435	10000	-1	-1	50	-1	-1	-1	-1	曼陀3晚籁X6
607	回风望月	2	10	0	12	764	5	60	2000	105	4000	165	6000	270	8000	435	10000	-1	-1	50	-1	-1	-1	-1	曼陀3晚籁X7
608	怜春时	2	10	0	13	768	5	120	200	180	400	300	600	480	800	780	1000	-1	-1	55	-1	-1	-1	-1	曼陀3晚籁X8
609	春风送暖	2	10	0	13	773	5	120	2000	180	4000	300	6000	480	8000	780	10000	-1	-1	55	-1	-1	-1	-1	曼陀3晚籁X9
610	凤泣昆山	211	10	0	13	780	5	120	20	180	40	300	60	480	80	780	100	-1	-1	55	-1	-1	-1	-1	曼陀3晚籁X10
611	春寒未了	197	10	1	10	-1	5	15	1000	30	2000	45	4000	75	6000	120	8000	-1	-1	40	-1	117	-1	-1	曼陀3昭明Y1
612	醉春烟	212	10	1	10	-1	5	15	20	30	40	45	60	75	80	120	100	-1	-1	40	-1	-1	-1	-1	曼陀3昭明Y2
613	东风破	21	10	1	11	767	5	30	30	45	60	75	90	120	120	195	150	611	5	-1	-1	-1	-1	-1	曼陀3昭明Y3
614	相思折枝	148	10	1	11	771	5	30	46045	45	46046	75	46047	120	46048	195	46049	-1	-1	45	-1	-1	-1	-1	曼陀3昭明Y4
615	弦外之音	213	10	1	11	776	5	30	6	45	12	75	18	120	24	195	30	612	5	-1	-1	-1	-1	-1	曼陀3昭明Y5
616	不负良宵	214	10	1	12	767	5	60	10	105	20	165	30	270	40	435	50	-1	-1	50	-1	-1	-1	-1	曼陀3昭明Y6
617	透骨生香	218	10	1	12	785	5	60	100	105	200	165	300	270	400	435	500	-1	-1	50	-1	-1	-1	-1	曼陀3昭明Y7
618	云销雨霁	9	10	1	13	760	5	120	100	180	200	300	300	480	400	780	500	616	5	-1	9999	768	-1	-1	曼陀3昭明Y8
619	银瓶乍破	215	10	1	13	780	5	120	20	180	40	300	60	480	80	780	100	-1	-1	55	-1	-1	-1	-1	曼陀3昭明Y9
620	疏影暗香	216	10	1	13	785	5	120	70	180	140	300	210	480	280	780	350	617	5	-1	-1	46050	-1	-1	曼陀3昭明Y10
