INT	STRING	INT	STRING	INT	INT	INT	INT	INT	INT	INT	INT	STRING	INT	INT	INT
TransId	源场景名称	原场景ID	传送NPC名	INT	POSX	POSZ	INT	INT	INT	INT	TARSCENE	STRING	NeedLevel	TARPOSX	TARPOSZ
1	洛阳	0	汪旱	184	230	129	128	1001	-1	-1	1	苏州	10	111	160	
2	洛阳	0	汪旱	184	230	129	128	1007	-1	-1	1	苏州-铁匠铺	10	239	128	
3	洛阳	0	汪旱	184	230	129	128	1002	-1	-1	2	大理	10	241	136	
4	洛阳	0	汪旱	184	230	129	128	1011	-1	-1	186	楼兰	75	285	130	
5	洛阳	0	汪旱	184	230	129	128	1010	-1	-1	420	束河古镇	20	202	211	
6	洛阳	0	汪旱	184	230	129	128	-1	-1	-1	16	门派-星宿	10	99	150	
7	洛阳	0	汪旱	184	230	129	128	-1	-1	-1	14	门派-逍遥	10	69	142	
8	洛阳	0	汪旱	184	230	129	128	-1	-1	-1	9	门派-少林	10	93	132	
9	洛阳	0	汪旱	184	230	129	128	-1	-1	-1	17	门派-天山	10	90	120	
10	洛阳	0	汪旱	184	230	129	128	-1	-1	-1	13	门派-天龙	10	99	120	
11	洛阳	0	汪旱	184	230	129	128	-1	-1	-1	15	门派-峨嵋	10	86	142	
12	洛阳	0	汪旱	184	230	129	128	-1	-1	-1	12	门派-武当	10	101	136	
13	洛阳	0	汪旱	184	230	129	128	-1	-1	-1	11	门派-明教	10	102	167	
14	洛阳	0	汪旱	184	230	129	128	-1	-1	-1	10	门派-丐帮	10	95	120	
15	洛阳	0	吴德昌	86	139	182	82	1001	-1	-1	1	苏州	10	111	160	
16	洛阳	0	吴德昌	86	139	182	82	1007	-1	-1	1	苏州-铁匠铺	10	239	128	
17	洛阳	0	吴德昌	86	139	182	82	1002	-1	-1	2	大理	10	241	136	
18	洛阳	0	吴德昌	86	139	182	82	1011	-1	-1	186	楼兰	75	285	130	
19	洛阳	0	吴德昌	86	139	182	82	1010	-1	-1	420	束河古镇	20	202	211	
20	洛阳	0	吴德昌	86	139	182	82	-1	-1	-1	16	门派-星宿	10	99	150	
21	洛阳	0	吴德昌	86	139	182	82	-1	-1	-1	14	门派-逍遥	10	69	142	
22	洛阳	0	吴德昌	86	139	182	82	-1	-1	-1	9	门派-少林	10	93	132	
23	洛阳	0	吴德昌	86	139	182	82	-1	-1	-1	17	门派-天山	10	90	120	
24	洛阳	0	吴德昌	86	139	182	82	-1	-1	-1	13	门派-天龙	10	99	120	
25	洛阳	0	吴德昌	86	139	182	82	-1	-1	-1	15	门派-峨嵋	10	86	142	
26	洛阳	0	吴德昌	86	139	182	82	-1	-1	-1	12	门派-武当	10	101	136	
27	洛阳	0	吴德昌	86	139	182	82	-1	-1	-1	11	门派-明教	10	102	167	
28	洛阳	0	吴德昌	86	139	182	82	-1	-1	-1	10	门派-丐帮	10	95	120	
29	苏州	1	邓茂	152	239	128	1081	1001	-1	-1	0	洛阳	10	139	182	
30	苏州	1	邓茂	152	239	128	1081	1006	-1	-1	0	洛阳-九州商会	10	230	129	
31	苏州	1	邓茂	152	239	128	1081	1002	-1	-1	2	大理	10	241	136	
32	苏州	1	邓茂	152	239	128	1081	1007	-1	-1	186	楼兰	75	285	130	
33	苏州	1	邓茂	152	239	128	1081	1010	-1	-1	420	束河古镇	20	202	211	
34	苏州	1	邓茂	152	239	128	1081	-1	-1	-1	16	门派-星宿	10	99	150	
35	苏州	1	邓茂	152	239	128	1081	-1	-1	-1	14	门派-逍遥	10	69	142	
36	苏州	1	邓茂	152	239	128	1081	-1	-1	-1	9	门派-少林	10	93	132	
37	苏州	1	邓茂	152	239	128	1081	-1	-1	-1	17	门派-天山	10	90	120	
38	苏州	1	邓茂	152	239	128	1081	-1	-1	-1	13	门派-天龙	10	99	120	
39	苏州	1	邓茂	152	239	128	1081	-1	-1	-1	15	门派-峨嵋	10	86	142	
40	苏州	1	邓茂	152	239	128	1081	-1	-1	-1	12	门派-武当	10	101	136	
41	苏州	1	邓茂	152	239	128	1081	-1	-1	-1	11	门派-明教	10	102	167	
42	苏州	1	邓茂	152	239	128	1081	-1	-1	-1	10	门派-丐帮	10	95	120	
43	苏州	1	李乘风	25	111	160	1028	1001	-1	-1	0	洛阳	10	139	182	
44	苏州	1	李乘风	25	111	160	1028	1006	-1	-1	0	洛阳-九州商会	10	230	129	
45	苏州	1	李乘风	25	111	160	1028	1002	-1	-1	2	大理	10	241	136	
46	苏州	1	李乘风	25	111	160	1028	1007	-1	-1	186	楼兰	75	285	130	
47	苏州	1	李乘风	25	111	160	1028	1010	-1	-1	420	束河古镇	20	202	211	
48	苏州	1	李乘风	25	111	160	1028	-1	-1	-1	16	门派-星宿	10	99	150	
49	苏州	1	李乘风	25	111	160	1028	-1	-1	-1	14	门派-逍遥	10	69	142	
50	苏州	1	李乘风	25	111	160	1028	-1	-1	-1	9	门派-少林	10	93	132	
51	苏州	1	李乘风	25	111	160	1028	-1	-1	-1	17	门派-天山	10	90	120	
52	苏州	1	李乘风	25	111	160	1028	-1	-1	-1	13	门派-天龙	10	99	120	
53	苏州	1	李乘风	25	111	160	1028	-1	-1	-1	15	门派-峨嵋	10	86	142	
54	苏州	1	李乘风	25	111	160	1028	-1	-1	-1	12	门派-武当	10	101	136	
55	苏州	1	李乘风	25	111	160	1028	-1	-1	-1	11	门派-明教	10	102	167	
56	苏州	1	李乘风	25	111	160	1028	-1	-1	-1	10	门派-丐帮	10	95	120	
57	大理	2	崔逢九	0	241	136	2026	1001	-1	-1	0	洛阳	10	139	182	
58	大理	2	崔逢九	0	241	136	2026	1006	-1	-1	0	洛阳-九州商会	10	230	129	
59	大理	2	崔逢九	0	241	136	2026	1002	-1	-1	1	苏州	10	111	160	
60	大理	2	崔逢九	0	241	136	2026	1007	-1	-1	1	苏州-铁匠铺	10	239	128	
61	大理	2	崔逢九	0	241	136	2026	1011	-1	-1	186	楼兰	75	285	130	
62	大理	2	崔逢九	0	241	136	2026	1010	-1	-1	420	束河古镇	20	202	211	
63	大理	2	崔逢九	0	241	136	2026	-1	-1	-1	16	门派-星宿	10	99	150	
64	大理	2	崔逢九	0	241	136	2026	-1	-1	-1	14	门派-逍遥	10	69	142	
65	大理	2	崔逢九	0	241	136	2026	-1	-1	-1	9	门派-少林	10	93	132	
66	大理	2	崔逢九	0	241	136	2026	-1	-1	-1	17	门派-天山	10	90	120	
67	大理	2	崔逢九	0	241	136	2026	-1	-1	-1	13	门派-天龙	10	99	120	
68	大理	2	崔逢九	0	241	136	2026	-1	-1	-1	15	门派-峨嵋	10	86	142	
69	大理	2	崔逢九	0	241	136	2026	-1	-1	-1	12	门派-武当	10	101	136	
70	大理	2	崔逢九	0	241	136	2026	-1	-1	-1	11	门派-明教	10	102	167	
71	大理	2	崔逢九	0	241	136	2026	-1	-1	-1	10	门派-丐帮	10	95	120	
72	少林寺	9	慧轮	11	93	132	-1	-1	-1	-1	0	洛阳	10	139	182	
73	少林寺	9	慧轮	11	93	132	-1	-1	-1	-1	0	洛阳-九州商会	10	230	129	
74	少林寺	9	慧轮	11	93	132	-1	-1	-1	-1	1	苏州	10	111	160	
75	少林寺	9	慧轮	11	93	132	-1	-1	-1	-1	1	苏州-铁匠铺	10	239	128	
76	少林寺	9	慧轮	11	93	132	-1	-1	-1	-1	2	大理	10	241	136	
77	少林寺	9	慧轮	11	93	132	-1	-1	-1	-1	16	门派-星宿	10	99	150	
78	少林寺	9	慧轮	11	93	132	-1	-1	-1	-1	14	门派-逍遥	10	69	142	
79	少林寺	9	慧轮	11	93	132	-1	-1	-1	-1	9	门派-少林	10	93	132	
80	少林寺	9	慧轮	11	93	132	-1	-1	-1	-1	17	门派-天山	10	90	120	
81	少林寺	9	慧轮	11	93	132	-1	-1	-1	-1	13	门派-天龙	10	99	120	
82	少林寺	9	慧轮	11	93	132	-1	-1	-1	-1	15	门派-峨嵋	10	86	142	
83	少林寺	9	慧轮	11	93	132	-1	-1	-1	-1	12	门派-武当	10	101	136	
84	少林寺	9	慧轮	11	93	132	-1	-1	-1	-1	11	门派-明教	10	102	167	
85	少林寺	9	慧轮	11	93	132	-1	-1	-1	-1	10	门派-丐帮	10	95	120	
86	丐帮总舵	10	张全祥	5	95	120	-1	-1	-1	-1	0	洛阳	10	139	182	
87	丐帮总舵	10	张全祥	5	95	120	-1	-1	-1	-1	0	洛阳-九州商会	10	230	129	
88	丐帮总舵	10	张全祥	5	95	120	-1	-1	-1	-1	1	苏州	10	111	160	
89	丐帮总舵	10	张全祥	5	95	120	-1	-1	-1	-1	1	苏州-铁匠铺	10	239	128	
90	丐帮总舵	10	张全祥	5	95	120	-1	-1	-1	-1	2	大理	10	241	136	
91	丐帮总舵	10	张全祥	5	95	120	-1	-1	-1	-1	16	门派-星宿	10	99	150	
92	丐帮总舵	10	张全祥	5	95	120	-1	-1	-1	-1	14	门派-逍遥	10	69	142	
93	丐帮总舵	10	张全祥	5	95	120	-1	-1	-1	-1	9	门派-少林	10	93	132	
94	丐帮总舵	10	张全祥	5	95	120	-1	-1	-1	-1	17	门派-天山	10	90	120	
95	丐帮总舵	10	张全祥	5	95	120	-1	-1	-1	-1	13	门派-天龙	10	99	120	
96	丐帮总舵	10	张全祥	5	95	120	-1	-1	-1	-1	15	门派-峨嵋	10	86	142	
97	丐帮总舵	10	张全祥	5	95	120	-1	-1	-1	-1	12	门派-武当	10	101	136	
98	丐帮总舵	10	张全祥	5	95	120	-1	-1	-1	-1	11	门派-明教	10	102	167	
99	丐帮总舵	10	张全祥	5	95	120	-1	-1	-1	-1	10	门派-丐帮	10	95	120	
100	光明殿	11	方七佛	0	102	167	-1	-1	-1	-1	0	洛阳	10	139	182	
101	光明殿	11	方七佛	0	102	167	-1	-1	-1	-1	0	洛阳-九州商会	10	230	129	
102	光明殿	11	方七佛	0	102	167	-1	-1	-1	-1	1	苏州	10	111	160	
103	光明殿	11	方七佛	0	102	167	-1	-1	-1	-1	1	苏州-铁匠铺	10	239	128	
104	光明殿	11	方七佛	0	102	167	-1	-1	-1	-1	2	大理	10	241	136	
105	光明殿	11	方七佛	0	102	167	-1	-1	-1	-1	16	门派-星宿	10	99	150	
106	光明殿	11	方七佛	0	102	167	-1	-1	-1	-1	14	门派-逍遥	10	69	142	
107	光明殿	11	方七佛	0	102	167	-1	-1	-1	-1	9	门派-少林	10	93	132	
108	光明殿	11	方七佛	0	102	167	-1	-1	-1	-1	17	门派-天山	10	90	120	
109	光明殿	11	方七佛	0	102	167	-1	-1	-1	-1	13	门派-天龙	10	99	120	
110	光明殿	11	方七佛	0	102	167	-1	-1	-1	-1	15	门派-峨嵋	10	86	142	
111	光明殿	11	方七佛	0	102	167	-1	-1	-1	-1	12	门派-武当	10	101	136	
112	光明殿	11	方七佛	0	102	167	-1	-1	-1	-1	11	门派-明教	10	102	167	
113	光明殿	11	方七佛	0	102	167	-1	-1	-1	-1	10	门派-丐帮	10	95	120	
114	武当山	12	莫太冲	4	101	136	-1	-1	-1	-1	0	洛阳	10	139	182	
115	武当山	12	莫太冲	4	101	136	-1	-1	-1	-1	0	洛阳-九州商会	10	230	129	
116	武当山	12	莫太冲	4	101	136	-1	-1	-1	-1	1	苏州	10	111	160	
117	武当山	12	莫太冲	4	101	136	-1	-1	-1	-1	1	苏州-铁匠铺	10	239	128	
118	武当山	12	莫太冲	4	101	136	-1	-1	-1	-1	2	大理	10	241	136	
119	武当山	12	莫太冲	4	101	136	-1	-1	-1	-1	16	门派-星宿	10	99	150	
120	武当山	12	莫太冲	4	101	136	-1	-1	-1	-1	14	门派-逍遥	10	69	142	
121	武当山	12	莫太冲	4	101	136	-1	-1	-1	-1	9	门派-少林	10	93	132	
122	武当山	12	莫太冲	4	101	136	-1	-1	-1	-1	17	门派-天山	10	90	120	
123	武当山	12	莫太冲	4	101	136	-1	-1	-1	-1	13	门派-天龙	10	99	120	
124	武当山	12	莫太冲	4	101	136	-1	-1	-1	-1	15	门派-峨嵋	10	86	142	
125	武当山	12	莫太冲	4	101	136	-1	-1	-1	-1	12	门派-武当	10	101	136	
126	武当山	12	莫太冲	4	101	136	-1	-1	-1	-1	11	门派-明教	10	102	167	
127	武当山	12	莫太冲	4	101	136	-1	-1	-1	-1	10	门派-丐帮	10	95	120	
128	天龙寺	13	破嗔	21	99	120	-1	-1	-1	-1	0	洛阳	10	139	182	
129	天龙寺	13	破嗔	21	99	120	-1	-1	-1	-1	0	洛阳-九州商会	10	230	129	
130	天龙寺	13	破嗔	21	99	120	-1	-1	-1	-1	1	苏州	10	111	160	
131	天龙寺	13	破嗔	21	99	120	-1	-1	-1	-1	1	苏州-铁匠铺	10	239	128	
132	天龙寺	13	破嗔	21	99	120	-1	-1	-1	-1	2	大理	10	241	136	
133	天龙寺	13	破嗔	21	99	120	-1	-1	-1	-1	16	门派-星宿	10	99	150	
134	天龙寺	13	破嗔	21	99	120	-1	-1	-1	-1	14	门派-逍遥	10	69	142	
135	天龙寺	13	破嗔	21	99	120	-1	-1	-1	-1	9	门派-少林	10	93	132	
136	天龙寺	13	破嗔	21	99	120	-1	-1	-1	-1	17	门派-天山	10	90	120	
137	天龙寺	13	破嗔	21	99	120	-1	-1	-1	-1	13	门派-天龙	10	99	120	
138	天龙寺	13	破嗔	21	99	120	-1	-1	-1	-1	15	门派-峨嵋	10	86	142	
139	天龙寺	13	破嗔	21	99	120	-1	-1	-1	-1	12	门派-武当	10	101	136	
140	天龙寺	13	破嗔	21	99	120	-1	-1	-1	-1	11	门派-明教	10	102	167	
141	天龙寺	13	破嗔	21	99	120	-1	-1	-1	-1	10	门派-丐帮	10	95	120	
142	凌波洞	14	李傀儡	11	69	142	-1	-1	-1	-1	0	洛阳	10	139	182	
143	凌波洞	14	李傀儡	11	69	142	-1	-1	-1	-1	0	洛阳-九州商会	10	230	129	
144	凌波洞	14	李傀儡	11	69	142	-1	-1	-1	-1	1	苏州	10	111	160	
145	凌波洞	14	李傀儡	11	69	142	-1	-1	-1	-1	1	苏州-铁匠铺	10	239	128	
146	凌波洞	14	李傀儡	11	69	142	-1	-1	-1	-1	2	大理	10	241	136	
147	凌波洞	14	李傀儡	11	69	142	-1	-1	-1	-1	16	门派-星宿	10	99	150	
148	凌波洞	14	李傀儡	11	69	142	-1	-1	-1	-1	14	门派-逍遥	10	69	142	
149	凌波洞	14	李傀儡	11	69	142	-1	-1	-1	-1	9	门派-少林	10	93	132	
150	凌波洞	14	李傀儡	11	69	142	-1	-1	-1	-1	17	门派-天山	10	90	120	
151	凌波洞	14	李傀儡	11	69	142	-1	-1	-1	-1	13	门派-天龙	10	99	120	
152	凌波洞	14	李傀儡	11	69	142	-1	-1	-1	-1	15	门派-峨嵋	10	86	142	
153	凌波洞	14	李傀儡	11	69	142	-1	-1	-1	-1	12	门派-武当	10	101	136	
154	凌波洞	14	李傀儡	11	69	142	-1	-1	-1	-1	11	门派-明教	10	102	167	
155	凌波洞	14	李傀儡	11	69	142	-1	-1	-1	-1	10	门派-丐帮	10	95	120	
156	峨嵋山	15	杨四娘	10	86	142	-1	-1	-1	-1	0	洛阳	10	139	182	
157	峨嵋山	15	杨四娘	10	86	142	-1	-1	-1	-1	0	洛阳-九州商会	10	230	129	
158	峨嵋山	15	杨四娘	10	86	142	-1	-1	-1	-1	1	苏州	10	111	160	
159	峨嵋山	15	杨四娘	10	86	142	-1	-1	-1	-1	1	苏州-铁匠铺	10	239	128	
160	峨嵋山	15	杨四娘	10	86	142	-1	-1	-1	-1	2	大理	10	241	136	
161	峨嵋山	15	杨四娘	10	86	142	-1	-1	-1	-1	16	门派-星宿	10	99	150	
162	峨嵋山	15	杨四娘	10	86	142	-1	-1	-1	-1	14	门派-逍遥	10	69	142	
163	峨嵋山	15	杨四娘	10	86	142	-1	-1	-1	-1	9	门派-少林	10	93	132	
164	峨嵋山	15	杨四娘	10	86	142	-1	-1	-1	-1	17	门派-天山	10	90	120	
165	峨嵋山	15	杨四娘	10	86	142	-1	-1	-1	-1	13	门派-天龙	10	99	120	
166	峨嵋山	15	杨四娘	10	86	142	-1	-1	-1	-1	15	门派-峨嵋	10	86	142	
167	峨嵋山	15	杨四娘	10	86	142	-1	-1	-1	-1	12	门派-武当	10	101	136	
168	峨嵋山	15	杨四娘	10	86	142	-1	-1	-1	-1	11	门派-明教	10	102	167	
169	峨嵋山	15	杨四娘	10	86	142	-1	-1	-1	-1	10	门派-丐帮	10	95	120	
170	星宿海	16	天狼子	10	99	150	-1	-1	-1	-1	0	洛阳	10	139	182	
171	星宿海	16	天狼子	10	99	150	-1	-1	-1	-1	0	洛阳-九州商会	10	230	129	
172	星宿海	16	天狼子	10	99	150	-1	-1	-1	-1	1	苏州	10	111	160	
173	星宿海	16	天狼子	10	99	150	-1	-1	-1	-1	1	苏州-铁匠铺	10	239	128	
174	星宿海	16	天狼子	10	99	150	-1	-1	-1	-1	2	大理	10	241	136	
175	星宿海	16	天狼子	10	99	150	-1	-1	-1	-1	16	门派-星宿	10	99	150	
176	星宿海	16	天狼子	10	99	150	-1	-1	-1	-1	14	门派-逍遥	10	69	142	
177	星宿海	16	天狼子	10	99	150	-1	-1	-1	-1	9	门派-少林	10	93	132	
178	星宿海	16	天狼子	10	99	150	-1	-1	-1	-1	17	门派-天山	10	90	120	
179	星宿海	16	天狼子	10	99	150	-1	-1	-1	-1	13	门派-天龙	10	99	120	
180	星宿海	16	天狼子	10	99	150	-1	-1	-1	-1	15	门派-峨嵋	10	86	142	
181	星宿海	16	天狼子	10	99	150	-1	-1	-1	-1	12	门派-武当	10	101	136	
182	星宿海	16	天狼子	10	99	150	-1	-1	-1	-1	11	门派-明教	10	102	167	
183	星宿海	16	天狼子	10	99	150	-1	-1	-1	-1	10	门派-丐帮	10	95	120	
184	天山	17	乌老大	7	90	120	-1	-1	-1	-1	0	洛阳	10	139	182	
185	天山	17	乌老大	7	90	120	-1	-1	-1	-1	0	洛阳-九州商会	10	230	129	
186	天山	17	乌老大	7	90	120	-1	-1	-1	-1	1	苏州	10	111	160	
187	天山	17	乌老大	7	90	120	-1	-1	-1	-1	1	苏州-铁匠铺	10	239	128	
188	天山	17	乌老大	7	90	120	-1	-1	-1	-1	2	大理	10	241	136	
189	天山	17	乌老大	7	90	120	-1	-1	-1	-1	16	门派-星宿	10	99	150	
190	天山	17	乌老大	7	90	120	-1	-1	-1	-1	14	门派-逍遥	10	69	142	
191	天山	17	乌老大	7	90	120	-1	-1	-1	-1	9	门派-少林	10	93	132	
192	天山	17	乌老大	7	90	120	-1	-1	-1	-1	17	门派-天山	10	90	120	
193	天山	17	乌老大	7	90	120	-1	-1	-1	-1	13	门派-天龙	10	99	120	
194	天山	17	乌老大	7	90	120	-1	-1	-1	-1	15	门派-峨嵋	10	86	142	
195	天山	17	乌老大	7	90	120	-1	-1	-1	-1	12	门派-武当	10	101	136	
196	天山	17	乌老大	7	90	120	-1	-1	-1	-1	11	门派-明教	10	102	167	
197	天山	17	乌老大	7	90	120	-1	-1	-1	-1	10	门派-丐帮	10	95	120	
198	苍山	25	孙坤	165	164	55	-1	-1	-1	-1	420	束河古镇	20	25	288	
199	楼兰	186	艾尼瓦尔	0	285	130	-1	-1	-1	-1	0	洛阳	10	139	182	
200	楼兰	186	艾尼瓦尔	0	285	130	-1	-1	-1	-1	0	洛阳-九州商会	10	230	129	
201	楼兰	186	艾尼瓦尔	0	285	130	-1	-1	-1	-1	1	苏州	10	111	160	
202	楼兰	186	艾尼瓦尔	0	285	130	-1	-1	-1	-1	1	苏州-铁匠铺	10	239	128	
203	楼兰	186	艾尼瓦尔	0	285	130	-1	-1	-1	-1	2	大理	10	241	136	
204	楼兰	186	艾尼瓦尔	0	285	130	-1	-1	-1	-1	420	束河古镇	20	202	211	
205	楼兰	186	艾尼瓦尔	0	285	130	-1	-1	-1	-1	16	门派-星宿	10	99	150	
206	楼兰	186	艾尼瓦尔	0	285	130	-1	-1	-1	-1	14	门派-逍遥	10	69	142	
207	楼兰	186	艾尼瓦尔	0	285	130	-1	-1	-1	-1	9	门派-少林	10	93	132	
208	楼兰	186	艾尼瓦尔	0	285	130	-1	-1	-1	-1	17	门派-天山	10	90	120	
209	楼兰	186	艾尼瓦尔	0	285	130	-1	-1	-1	-1	13	门派-天龙	10	99	120	
210	楼兰	186	艾尼瓦尔	0	285	130	-1	-1	-1	-1	15	门派-峨嵋	10	86	142	
211	楼兰	186	艾尼瓦尔	0	285	130	-1	-1	-1	-1	12	门派-武当	10	101	136	
212	楼兰	186	艾尼瓦尔	0	285	130	-1	-1	-1	-1	11	门派-明教	10	102	167	
213	楼兰	186	艾尼瓦尔	0	285	130	-1	-1	-1	-1	10	门派-丐帮	10	95	120	
214	束河古镇	420	徐霞客	2	202	211	-1	-1	-1	-1	0	洛阳	20	139	182	
215	束河古镇	420	徐霞客	2	202	211	-1	-1	-1	-1	0	洛阳-九州商会	20	230	129	
216	束河古镇	420	徐霞客	2	202	211	-1	-1	-1	-1	1	苏州	20	111	160	
217	束河古镇	420	徐霞客	2	202	211	-1	-1	-1	-1	1	苏州-铁匠铺	20	239	128	
218	束河古镇	420	徐霞客	2	202	211	-1	-1	-1	-1	2	大理	20	241	136	
219	束河古镇	420	徐霞客	2	202	211	-1	-1	-1	-1	186	楼兰	75	285	130	
220	束河古镇	420	徐霞客	2	202	211	-1	-1	-1	-1	16	门派-星宿	10	99	150	
221	束河古镇	420	徐霞客	2	202	211	-1	-1	-1	-1	14	门派-逍遥	10	69	142	
222	束河古镇	420	徐霞客	2	202	211	-1	-1	-1	-1	9	门派-少林	10	93	132	
223	束河古镇	420	徐霞客	2	202	211	-1	-1	-1	-1	17	门派-天山	10	90	120	
224	束河古镇	420	徐霞客	2	202	211	-1	-1	-1	-1	13	门派-天龙	10	99	120	
225	束河古镇	420	徐霞客	2	202	211	-1	-1	-1	-1	15	门派-峨嵋	10	86	142	
226	束河古镇	420	徐霞客	2	202	211	-1	-1	-1	-1	12	门派-武当	10	101	136	
227	束河古镇	420	徐霞客	2	202	211	-1	-1	-1	-1	11	门派-明教	10	102	167	
228	束河古镇	420	徐霞客	2	202	211	-1	-1	-1	-1	10	门派-丐帮	10	95	120	
229	剑阁	7	龙贾	399	280	81	-1	-1	-1	-1	400	秦皇地宫一层	10	227	224	
230	洛阳	0	云涵儿	148	182	155	118	-1	-1	-1	39	玄武岛	10	109	25	
231	苏州	1	云思儿	155	87	144	-1	-1	-1	-1	39	玄武岛	10	109	25	
232	少林寺	9	慧轮	11	93	132	-1	-1	-1	-1	39	玄武岛	10	109	25	
233	丐帮总舵	10	张全祥	5	95	120	-1	-1	-1	-1	39	玄武岛	10	109	25	
234	光明殿	11	方七佛	0	102	167	-1	-1	-1	-1	39	玄武岛	10	109	25	
235	武当山	12	莫太冲	4	101	136	-1	-1	-1	-1	39	玄武岛	10	109	25	
236	天龙寺	13	破嗔	21	99	120	-1	-1	-1	-1	39	玄武岛	10	109	25	
237	凌波洞	14	李傀儡	11	69	142	-1	-1	-1	-1	39	玄武岛	10	109	25	
238	峨嵋山	15	杨四娘	10	86	142	-1	-1	-1	-1	39	玄武岛	10	109	25	
239	星宿海	16	天狼子	10	99	150	-1	-1	-1	-1	39	玄武岛	10	109	25	
240	天山	17	乌老大	7	90	120	-1	-1	-1	-1	39	玄武岛	10	109	25	
241	玄武岛	39	归佳	247	82	30	-1	-1	-1	-1	0	洛阳	10	182	155	
242	玄武岛	39	归佳	247	82	30	-1	-1	-1	-1	1	苏州	10	87	144	
243	玄武岛	39	归佳	247	82	30	-1	-1	-1	-1	2	大理	10	241	136	
244	钱庄	181	周华荣	1	64	61	-1	-1	-1	-1	0	洛阳	10	205	172	
245	苏州	1	林朝雄	150	178	129	-1	-1	-1	-1	194	寒玉谷	0	26	26	
246	寒玉谷	194	林朝雄	0	26	26	-1	-1	-1	-1	1	苏州	0	178	129	
247	洛阳	0	王积薪	142	269	88	-1	-1	-1	-1	418	洛阳第一休息室	0	32	12	
248	洛阳	0	王积薪	142	269	88	-1	-1	-1	-1	419	洛阳第二休息室	0	32	12	
249	大理	2	刘仲甫	156	274	95	-1	-1	-1	-1	193	大理休息室	0	32	12	
250	苏州	1	张弈国	143	174	147	-1	-1	-1	-1	518	苏州休息室	0	32	12	
251	洛阳第一休息室	418	胡小仙	0	32	12	-1	-1	-1	-1	0	洛阳	0	269	88	
252	洛阳第二休息室	419	胡小仙	0	32	12	-1	-1	-1	-1	0	洛阳	0	269	88	
253	大理休息室	193	胡小仙	0	32	12	-1	-1	-1	-1	2	大理	0	274	95	
254	苏州休息室	518	胡小仙	0	32	12	-1	-1	-1	-1	1	苏州	0	174	147	
255	少林寺	9	慧轮	11	93	132	-1	-1	-1	-1	420	束河古镇	20	202	211	
256	丐帮总舵	10	张全祥	5	95	120	-1	-1	-1	-1	420	束河古镇	20	202	211	
257	光明殿	11	方七佛	0	102	167	-1	-1	-1	-1	420	束河古镇	20	202	211	
258	武当山	12	莫太冲	4	101	136	-1	-1	-1	-1	420	束河古镇	20	202	211	
259	天龙寺	13	破嗔	21	99	120	-1	-1	-1	-1	420	束河古镇	20	202	211	
260	凌波洞	14	李傀儡	11	69	142	-1	-1	-1	-1	420	束河古镇	20	202	211	
261	峨嵋山	15	杨四娘	10	86	142	-1	-1	-1	-1	420	束河古镇	20	202	211	
262	星宿海	16	天狼子	10	99	150	-1	-1	-1	-1	420	束河古镇	20	202	211	
263	天山	17	乌老大	7	90	120	-1	-1	-1	-1	420	束河古镇	20	202	211	
264	少林寺	9	慧轮	11	93	132	-1	-1	-1	-1	186	楼兰	75	285	130	
265	丐帮总舵	10	张全祥	5	95	120	-1	-1	-1	-1	186	楼兰	75	285	130	
266	光明殿	11	方七佛	0	102	167	-1	-1	-1	-1	186	楼兰	75	285	130	
267	武当山	12	莫太冲	4	101	136	-1	-1	-1	-1	186	楼兰	75	285	130	
268	天龙寺	13	破嗔	21	99	120	-1	-1	-1	-1	186	楼兰	75	285	130	
269	凌波洞	14	李傀儡	11	69	142	-1	-1	-1	-1	186	楼兰	75	285	130	
270	峨嵋山	15	杨四娘	10	86	142	-1	-1	-1	-1	186	楼兰	75	285	130	
271	星宿海	16	天狼子	10	99	150	-1	-1	-1	-1	186	楼兰	75	285	130	
272	天山	17	乌老大	7	90	120	-1	-1	-1	-1	186	楼兰	75	285	130	
273	玄武岛	39	归佳	247	82	30	-1	-1	-1	-1	16	门派-星宿	10	99	150	
274	玄武岛	39	归佳	247	82	30	-1	-1	-1	-1	14	门派-逍遥	10	69	142	
275	玄武岛	39	归佳	247	82	30	-1	-1	-1	-1	9	门派-少林	10	93	132	
276	玄武岛	39	归佳	247	82	30	-1	-1	-1	-1	17	门派-天山	10	90	120	
277	玄武岛	39	归佳	247	82	30	-1	-1	-1	-1	13	门派-天龙	10	99	120	
278	玄武岛	39	归佳	247	82	30	-1	-1	-1	-1	15	门派-峨嵋	10	86	142	
279	玄武岛	39	归佳	247	82	30	-1	-1	-1	-1	12	门派-武当	10	101	136	
280	玄武岛	39	归佳	247	82	30	-1	-1	-1	-1	11	门派-明教	10	102	167	
281	玄武岛	39	归佳	247	82	30	-1	-1	-1	-1	10	门派-丐帮	10	95	120	
282	束河古镇	420	李铭洋	30	25	288	-1	-1	-1	-1	25	苍山	20	164	55	
283	大理	2	申情	94	255	126	-1	-1	-1	-1	62	后花园	7	100	97	
284	洛阳	0	金六爷	50	205	172	-1	-1	-1	-1	181	钱庄	10	65	62	
285	洛阳	0	云涵儿	148	182	155	-1	-1	-1	-1	158	圣兽山	21	233	225	
286	大理	2	赵天师	139	160	156	-1	-1	-1	-1	50	小木人巷	9	82	76	
287	玄武岛	39	传送点	0	290	60	-1	-1	-1	-1	158	圣兽山	21	235	230	
288	大理	2	海风子	28	163	136	-1	-1	-1	-1	16	门派-星宿	10	99	150	
289	大理	2	澹台子羽	26	163	129	-1	-1	-1	-1	14	门派-逍遥	10	69	142	
290	大理	2	慧易	25	156	132	-1	-1	-1	-1	9	门派-少林	10	93	132	
291	大理	2	程青霜	62	163	139	-1	-1	-1	-1	17	门派-天山	10	90	120	
292	大理	2	破贪	95	163	132	-1	-1	-1	-1	13	门派-天龙	10	99	120	
293	大理	2	路三娘	64	156	139	-1	-1	-1	-1	15	门派-峨嵋	10	86	142	
294	大理	2	张获	30	156	129	-1	-1	-1	-1	12	门派-武当	10	101	136	
295	大理	2	石宝	29	163	143	-1	-1	-1	-1	11	门派-明教	10	102	167	
296	大理	2	简宁	27	156	136	-1	-1	-1	-1	10	门派-丐帮	10	95	120	
297	玄武岛	39	云决决	260	107	87	893053	-1	-1	-1	40	玄武岛裂隙	40	243	147	
298	洛阳	0	汪旱	184	230	129	128	-1	-1	-1	1283	门派-曼陀山庄	10	139	162	
299	洛阳	0	吴德昌	86	139	182	82	-1	-1	-1	1283	门派-曼陀山庄	10	139	162	
300	苏州	1	邓茂	152	239	128	1081	-1	-1	-1	1283	门派-曼陀山庄	10	139	162	
301	苏州	1	李乘风	25	111	160	1028	-1	-1	-1	1283	门派-曼陀山庄	10	139	162	
302	大理	2	崔逢九	0	241	136	2026	-1	-1	-1	1283	门派-曼陀山庄	10	139	162	
303	少林寺	9	慧轮	11	93	132	-1	-1	-1	-1	1283	门派-曼陀山庄	10	139	162	
304	丐帮总舵	10	张全祥	5	95	120	-1	-1	-1	-1	1283	门派-曼陀山庄	10	139	162	
305	光明殿	11	方七佛	0	102	167	-1	-1	-1	-1	1283	门派-曼陀山庄	10	139	162	
306	武当山	12	莫太冲	4	101	136	-1	-1	-1	-1	1283	门派-曼陀山庄	10	139	162	
307	天龙寺	13	破嗔	21	99	120	-1	-1	-1	-1	1283	门派-曼陀山庄	10	139	162	
308	凌波洞	14	李傀儡	11	69	142	-1	-1	-1	-1	1283	门派-曼陀山庄	10	139	162	
309	峨嵋山	15	杨四娘	10	86	142	-1	-1	-1	-1	1283	门派-曼陀山庄	10	139	162	
310	星宿海	16	天狼子	10	99	150	-1	-1	-1	-1	1283	门派-曼陀山庄	10	139	162	
311	天山	17	乌老大	7	90	120	-1	-1	-1	-1	1283	门派-曼陀山庄	10	139	162	
312	楼兰	186	艾尼瓦尔	0	285	130	-1	-1	-1	-1	1283	门派-曼陀山庄	10	139	162	
313	束河古镇	420	徐霞客	2	202	211	-1	-1	-1	-1	1283	门派-曼陀山庄	10	139	162	
314	曼陀山庄	1283	幽草	9	143	159	-1	-1	-1	-1	0	洛阳	10	139	182	
315	曼陀山庄	1283	幽草	9	143	159	-1	-1	-1	-1	0	洛阳-九州商会	10	230	129	
316	曼陀山庄	1283	幽草	9	143	159	-1	-1	-1	-1	1	苏州	10	111	160	
317	曼陀山庄	1283	幽草	9	143	159	-1	-1	-1	-1	1	苏州-铁匠铺	10	239	128	
318	曼陀山庄	1283	幽草	9	143	159	-1	-1	-1	-1	2	大理	10	241	136	
319	曼陀山庄	1283	幽草	9	143	159	-1	-1	-1	-1	16	门派-星宿	10	99	150	
320	曼陀山庄	1283	幽草	9	143	159	-1	-1	-1	-1	14	门派-逍遥	10	69	142	
321	曼陀山庄	1283	幽草	9	143	159	-1	-1	-1	-1	9	门派-少林	10	93	132	
322	曼陀山庄	1283	幽草	9	143	159	-1	-1	-1	-1	17	门派-天山	10	90	120	
323	曼陀山庄	1283	幽草	9	143	159	-1	-1	-1	-1	13	门派-天龙	10	99	120	
324	曼陀山庄	1283	幽草	9	143	159	-1	-1	-1	-1	15	门派-峨嵋	10	86	142	
325	曼陀山庄	1283	幽草	9	143	159	-1	-1	-1	-1	12	门派-武当	10	101	136	
326	曼陀山庄	1283	幽草	9	143	159	-1	-1	-1	-1	11	门派-明教	10	102	167	
327	曼陀山庄	1283	幽草	9	143	159	-1	-1	-1	-1	10	门派-丐帮	10	95	120	
328	曼陀山庄	1283	幽草	9	143	159	-1	-1	-1	-1	1283	门派-曼陀山庄	10	139	162	
329	曼陀山庄	1283	幽草	9	143	159	-1	-1	-1	-1	39	玄武岛	10	109	25	
330	玄武岛	39	归佳	247	82	30	-1	-1	-1	-1	1283	门派-曼陀山庄	10	139	162	
331	大理	2	王溪云	180	156	143	-1	-1	-1	-1	1283	门派-曼陀山庄	10	139	162	
332	曼陀山庄	1283	幽草	9	143	159	-1	-1	-1	-1	420	束河古镇	20	202	211	
333	曼陀山庄	1283	幽草	9	143	159	-1	-1	-1	-1	186	楼兰	75	285	130	
334	雁南正南	100000	郑无名	2	99	54	-1	-1	-1	-1	2	大理	10	181	120	
335	雁北正西	100001	郑无名	2	99	54	-1	-1	-1	-1	2	大理	10	181	120	
336	西湖正西	100002	郑无名	2	99	54	-1	-1	-1	-1	2	大理	10	181	120	
337	龙泉正北	100003	郑无名	2	99	54	-1	-1	-1	-1	2	大理	10	181	120	
338	苍山正西	100004	郑无名	2	99	54	-1	-1	-1	-1	2	大理	10	181	120	
339	洱海正西	100005	郑无名	2	99	54	-1	-1	-1	-1	2	大理	10	181	120	
340	草原正西	100006	郑无名	2	99	54	-1	-1	-1	-1	2	大理	10	181	120	
341	辽西西北	100007	郑无名	2	99	54	-1	-1	-1	-1	2	大理	10	181	120	
342	武夷正西	100008	郑无名	2	99	54	-1	-1	-1	-1	2	大理	10	181	120	
343	梅岭西北	100009	郑无名	2	99	54	-1	-1	-1	-1	2	大理	10	181	120	
344	石林正南	100010	郑无名	2	99	54	-1	-1	-1	-1	2	大理	10	181	120	
345	玉溪西南	100011	郑无名	2	99	54	-1	-1	-1	-1	2	大理	10	181	120	
346	长白山西北	100012	郑无名	2	99	54	-1	-1	-1	-1	2	大理	10	181	120	
347	黄龙府西北	100013	郑无名	2	99	54	-1	-1	-1	-1	2	大理	10	181	120	
348	南海正北	100014	郑无名	2	99	54	-1	-1	-1	-1	2	大理	10	181	120	
349	琼州正西	100015	郑无名	2	99	54	-1	-1	-1	-1	2	大理	10	181	120	
350	南诏西南	100016	郑无名	2	99	54	-1	-1	-1	-1	2	大理	10	181	120	
351	苗疆正东	100017	郑无名	2	99	54	-1	-1	-1	-1	2	大理	10	181	120	
352	雁南正南	100018	郑无名	2	99	54	-1	-1	-1	-1	2	大理	10	181	120	
353	雁北正西	100019	郑无名	2	99	54	-1	-1	-1	-1	2	大理	10	181	120	
354	西湖正西	100020	郑无名	2	99	54	-1	-1	-1	-1	2	大理	10	181	120	
355	龙泉正北	100021	郑无名	2	99	54	-1	-1	-1	-1	2	大理	10	181	120	
356	苍山正西	100022	郑无名	2	99	54	-1	-1	-1	-1	2	大理	10	181	120	
357	洱海正西	100023	郑无名	2	99	54	-1	-1	-1	-1	2	大理	10	181	120	
358	草原正西	100024	郑无名	2	99	54	-1	-1	-1	-1	2	大理	10	181	120	
359	辽西西北	100025	郑无名	2	99	54	-1	-1	-1	-1	2	大理	10	181	120	
360	武夷正西	100026	郑无名	2	99	54	-1	-1	-1	-1	2	大理	10	181	120	
361	梅岭西北	100027	郑无名	2	99	54	-1	-1	-1	-1	2	大理	10	181	120	
362	石林正南	100028	郑无名	2	99	54	-1	-1	-1	-1	2	大理	10	181	120	
363	玉溪西南	100029	郑无名	2	99	54	-1	-1	-1	-1	2	大理	10	181	120	
364	长白山西北	100030	郑无名	2	99	54	-1	-1	-1	-1	2	大理	10	181	120	
365	黄龙府西北	100031	郑无名	2	99	54	-1	-1	-1	-1	2	大理	10	181	120	
366	南海正北	100032	郑无名	2	99	54	-1	-1	-1	-1	2	大理	10	181	120	
367	琼州正西	100033	郑无名	2	99	54	-1	-1	-1	-1	2	大理	10	181	120	
368	南诏西南	100034	郑无名	2	99	54	-1	-1	-1	-1	2	大理	10	181	120	
369	苗疆正东	100035	郑无名	2	99	54	-1	-1	-1	-1	2	大理	10	181	120	
370	雁南正南	100036	郑无名	2	99	54	-1	-1	-1	-1	2	大理	10	181	120	
371	雁北正西	100037	郑无名	2	99	54	-1	-1	-1	-1	2	大理	10	181	120	
372	西湖正西	100038	郑无名	2	99	54	-1	-1	-1	-1	2	大理	10	181	120	
373	龙泉正北	100039	郑无名	2	99	54	-1	-1	-1	-1	2	大理	10	181	120	
374	苍山正西	100040	郑无名	2	99	54	-1	-1	-1	-1	2	大理	10	181	120	
375	洱海正西	100041	郑无名	2	99	54	-1	-1	-1	-1	2	大理	10	181	120	
376	草原正西	100042	郑无名	2	99	54	-1	-1	-1	-1	2	大理	10	181	120	
377	辽西西北	100043	郑无名	2	99	54	-1	-1	-1	-1	2	大理	10	181	120	
378	武夷正西	100044	郑无名	2	99	54	-1	-1	-1	-1	2	大理	10	181	120	
379	梅岭西北	100045	郑无名	2	99	54	-1	-1	-1	-1	2	大理	10	181	120	
380	石林正南	100046	郑无名	2	99	54	-1	-1	-1	-1	2	大理	10	181	120	
381	玉溪西南	100047	郑无名	2	99	54	-1	-1	-1	-1	2	大理	10	181	120	
382	长白山西北	100048	郑无名	2	99	54	-1	-1	-1	-1	2	大理	10	181	120	
383	黄龙府西北	100049	郑无名	2	99	54	-1	-1	-1	-1	2	大理	10	181	120	
384	南海正北	100050	郑无名	2	99	54	-1	-1	-1	-1	2	大理	10	181	120	
385	琼州正西	100051	郑无名	2	99	54	-1	-1	-1	-1	2	大理	10	181	120	
386	南诏西南	100052	郑无名	2	99	54	-1	-1	-1	-1	2	大理	10	181	120	
387	苗疆正东	100053	郑无名	2	99	54	-1	-1	-1	-1	2	大理	10	181	120	
388	雁南正南	100000	郑无名	2	99	54	-1	-1	-1	-1	0	洛阳	10	144	98	
389	雁北正西	100001	郑无名	2	99	54	-1	-1	-1	-1	0	洛阳	10	144	98	
390	西湖正西	100002	郑无名	2	99	54	-1	-1	-1	-1	0	洛阳	10	144	98	
391	龙泉正北	100003	郑无名	2	99	54	-1	-1	-1	-1	0	洛阳	10	144	98	
392	苍山正西	100004	郑无名	2	99	54	-1	-1	-1	-1	0	洛阳	10	144	98	
393	洱海正西	100005	郑无名	2	99	54	-1	-1	-1	-1	0	洛阳	10	144	98	
394	草原正西	100006	郑无名	2	99	54	-1	-1	-1	-1	0	洛阳	10	144	98	
395	辽西西北	100007	郑无名	2	99	54	-1	-1	-1	-1	0	洛阳	10	144	98	
396	武夷正西	100008	郑无名	2	99	54	-1	-1	-1	-1	0	洛阳	10	144	98	
397	梅岭西北	100009	郑无名	2	99	54	-1	-1	-1	-1	0	洛阳	10	144	98	
398	石林正南	100010	郑无名	2	99	54	-1	-1	-1	-1	0	洛阳	10	144	98	
399	玉溪西南	100011	郑无名	2	99	54	-1	-1	-1	-1	0	洛阳	10	144	98	
400	长白山西北	100012	郑无名	2	99	54	-1	-1	-1	-1	0	洛阳	10	144	98	
401	黄龙府西北	100013	郑无名	2	99	54	-1	-1	-1	-1	0	洛阳	10	144	98	
402	南海正北	100014	郑无名	2	99	54	-1	-1	-1	-1	0	洛阳	10	144	98	
403	琼州正西	100015	郑无名	2	99	54	-1	-1	-1	-1	0	洛阳	10	144	98	
404	南诏西南	100016	郑无名	2	99	54	-1	-1	-1	-1	0	洛阳	10	144	98	
405	苗疆正东	100017	郑无名	2	99	54	-1	-1	-1	-1	0	洛阳	10	144	98	
406	雁南正南	100018	郑无名	2	99	54	-1	-1	-1	-1	0	洛阳	10	144	98	
407	雁北正西	100019	郑无名	2	99	54	-1	-1	-1	-1	0	洛阳	10	144	98	
408	西湖正西	100020	郑无名	2	99	54	-1	-1	-1	-1	0	洛阳	10	144	98	
409	龙泉正北	100021	郑无名	2	99	54	-1	-1	-1	-1	0	洛阳	10	144	98	
410	苍山正西	100022	郑无名	2	99	54	-1	-1	-1	-1	0	洛阳	10	144	98	
411	洱海正西	100023	郑无名	2	99	54	-1	-1	-1	-1	0	洛阳	10	144	98	
412	草原正西	100024	郑无名	2	99	54	-1	-1	-1	-1	0	洛阳	10	144	98	
413	辽西西北	100025	郑无名	2	99	54	-1	-1	-1	-1	0	洛阳	10	144	98	
414	武夷正西	100026	郑无名	2	99	54	-1	-1	-1	-1	0	洛阳	10	144	98	
415	梅岭西北	100027	郑无名	2	99	54	-1	-1	-1	-1	0	洛阳	10	144	98	
416	石林正南	100028	郑无名	2	99	54	-1	-1	-1	-1	0	洛阳	10	144	98	
417	玉溪西南	100029	郑无名	2	99	54	-1	-1	-1	-1	0	洛阳	10	144	98	
418	长白山西北	100030	郑无名	2	99	54	-1	-1	-1	-1	0	洛阳	10	144	98	
419	黄龙府西北	100031	郑无名	2	99	54	-1	-1	-1	-1	0	洛阳	10	144	98	
420	南海正北	100032	郑无名	2	99	54	-1	-1	-1	-1	0	洛阳	10	144	98	
421	琼州正西	100033	郑无名	2	99	54	-1	-1	-1	-1	0	洛阳	10	144	98	
422	南诏西南	100034	郑无名	2	99	54	-1	-1	-1	-1	0	洛阳	10	144	98	
423	苗疆正东	100035	郑无名	2	99	54	-1	-1	-1	-1	0	洛阳	10	144	98	
424	雁南正南	100036	郑无名	2	99	54	-1	-1	-1	-1	0	洛阳	10	144	98	
425	雁北正西	100037	郑无名	2	99	54	-1	-1	-1	-1	0	洛阳	10	144	98	
426	西湖正西	100038	郑无名	2	99	54	-1	-1	-1	-1	0	洛阳	10	144	98	
427	龙泉正北	100039	郑无名	2	99	54	-1	-1	-1	-1	0	洛阳	10	144	98	
428	苍山正西	100040	郑无名	2	99	54	-1	-1	-1	-1	0	洛阳	10	144	98	
429	洱海正西	100041	郑无名	2	99	54	-1	-1	-1	-1	0	洛阳	10	144	98	
430	草原正西	100042	郑无名	2	99	54	-1	-1	-1	-1	0	洛阳	10	144	98	
431	辽西西北	100043	郑无名	2	99	54	-1	-1	-1	-1	0	洛阳	10	144	98	
432	武夷正西	100044	郑无名	2	99	54	-1	-1	-1	-1	0	洛阳	10	144	98	
433	梅岭西北	100045	郑无名	2	99	54	-1	-1	-1	-1	0	洛阳	10	144	98	
434	石林正南	100046	郑无名	2	99	54	-1	-1	-1	-1	0	洛阳	10	144	98	
435	玉溪西南	100047	郑无名	2	99	54	-1	-1	-1	-1	0	洛阳	10	144	98	
436	长白山西北	100048	郑无名	2	99	54	-1	-1	-1	-1	0	洛阳	10	144	98	
437	黄龙府西北	100049	郑无名	2	99	54	-1	-1	-1	-1	0	洛阳	10	144	98	
438	南海正北	100050	郑无名	2	99	54	-1	-1	-1	-1	0	洛阳	10	144	98	
439	琼州正西	100051	郑无名	2	99	54	-1	-1	-1	-1	0	洛阳	10	144	98	
440	南诏西南	100052	郑无名	2	99	54	-1	-1	-1	-1	0	洛阳	10	144	98	
441	苗疆正东	100053	郑无名	2	99	54	-1	-1	-1	-1	0	洛阳	10	144	98	
442	雁南正南	100000	郑无名	2	99	54	-1	-1	-1	-1	1	苏州	10	224	185	
443	雁北正西	100001	郑无名	2	99	54	-1	-1	-1	-1	1	苏州	10	224	185	
444	西湖正西	100002	郑无名	2	99	54	-1	-1	-1	-1	1	苏州	10	224	185	
445	龙泉正北	100003	郑无名	2	99	54	-1	-1	-1	-1	1	苏州	10	224	185	
446	苍山正西	100004	郑无名	2	99	54	-1	-1	-1	-1	1	苏州	10	224	185	
447	洱海正西	100005	郑无名	2	99	54	-1	-1	-1	-1	1	苏州	10	224	185	
448	草原正西	100006	郑无名	2	99	54	-1	-1	-1	-1	1	苏州	10	224	185	
449	辽西西北	100007	郑无名	2	99	54	-1	-1	-1	-1	1	苏州	10	224	185	
450	武夷正西	100008	郑无名	2	99	54	-1	-1	-1	-1	1	苏州	10	224	185	
451	梅岭西北	100009	郑无名	2	99	54	-1	-1	-1	-1	1	苏州	10	224	185	
452	石林正南	100010	郑无名	2	99	54	-1	-1	-1	-1	1	苏州	10	224	185	
453	玉溪西南	100011	郑无名	2	99	54	-1	-1	-1	-1	1	苏州	10	224	185	
454	长白山西北	100012	郑无名	2	99	54	-1	-1	-1	-1	1	苏州	10	224	185	
455	黄龙府西北	100013	郑无名	2	99	54	-1	-1	-1	-1	1	苏州	10	224	185	
456	南海正北	100014	郑无名	2	99	54	-1	-1	-1	-1	1	苏州	10	224	185	
457	琼州正西	100015	郑无名	2	99	54	-1	-1	-1	-1	1	苏州	10	224	185	
458	南诏西南	100016	郑无名	2	99	54	-1	-1	-1	-1	1	苏州	10	224	185	
459	苗疆正东	100017	郑无名	2	99	54	-1	-1	-1	-1	1	苏州	10	224	185	
460	雁南正南	100018	郑无名	2	99	54	-1	-1	-1	-1	1	苏州	10	224	185	
461	雁北正西	100019	郑无名	2	99	54	-1	-1	-1	-1	1	苏州	10	224	185	
462	西湖正西	100020	郑无名	2	99	54	-1	-1	-1	-1	1	苏州	10	224	185	
463	龙泉正北	100021	郑无名	2	99	54	-1	-1	-1	-1	1	苏州	10	224	185	
464	苍山正西	100022	郑无名	2	99	54	-1	-1	-1	-1	1	苏州	10	224	185	
465	洱海正西	100023	郑无名	2	99	54	-1	-1	-1	-1	1	苏州	10	224	185	
466	草原正西	100024	郑无名	2	99	54	-1	-1	-1	-1	1	苏州	10	224	185	
467	辽西西北	100025	郑无名	2	99	54	-1	-1	-1	-1	1	苏州	10	224	185	
468	武夷正西	100026	郑无名	2	99	54	-1	-1	-1	-1	1	苏州	10	224	185	
469	梅岭西北	100027	郑无名	2	99	54	-1	-1	-1	-1	1	苏州	10	224	185	
470	石林正南	100028	郑无名	2	99	54	-1	-1	-1	-1	1	苏州	10	224	185	
471	玉溪西南	100029	郑无名	2	99	54	-1	-1	-1	-1	1	苏州	10	224	185	
472	长白山西北	100030	郑无名	2	99	54	-1	-1	-1	-1	1	苏州	10	224	185	
473	黄龙府西北	100031	郑无名	2	99	54	-1	-1	-1	-1	1	苏州	10	224	185	
474	南海正北	100032	郑无名	2	99	54	-1	-1	-1	-1	1	苏州	10	224	185	
475	琼州正西	100033	郑无名	2	99	54	-1	-1	-1	-1	1	苏州	10	224	185	
476	南诏西南	100034	郑无名	2	99	54	-1	-1	-1	-1	1	苏州	10	224	185	
477	苗疆正东	100035	郑无名	2	99	54	-1	-1	-1	-1	1	苏州	10	224	185	
478	雁南正南	100036	郑无名	2	99	54	-1	-1	-1	-1	1	苏州	10	224	185	
479	雁北正西	100037	郑无名	2	99	54	-1	-1	-1	-1	1	苏州	10	224	185	
480	西湖正西	100038	郑无名	2	99	54	-1	-1	-1	-1	1	苏州	10	224	185	
481	龙泉正北	100039	郑无名	2	99	54	-1	-1	-1	-1	1	苏州	10	224	185	
482	苍山正西	100040	郑无名	2	99	54	-1	-1	-1	-1	1	苏州	10	224	185	
483	洱海正西	100041	郑无名	2	99	54	-1	-1	-1	-1	1	苏州	10	224	185	
484	草原正西	100042	郑无名	2	99	54	-1	-1	-1	-1	1	苏州	10	224	185	
485	辽西西北	100043	郑无名	2	99	54	-1	-1	-1	-1	1	苏州	10	224	185	
486	武夷正西	100044	郑无名	2	99	54	-1	-1	-1	-1	1	苏州	10	224	185	
487	梅岭西北	100045	郑无名	2	99	54	-1	-1	-1	-1	1	苏州	10	224	185	
488	石林正南	100046	郑无名	2	99	54	-1	-1	-1	-1	1	苏州	10	224	185	
489	玉溪西南	100047	郑无名	2	99	54	-1	-1	-1	-1	1	苏州	10	224	185	
490	长白山西北	100048	郑无名	2	99	54	-1	-1	-1	-1	1	苏州	10	224	185	
491	黄龙府西北	100049	郑无名	2	99	54	-1	-1	-1	-1	1	苏州	10	224	185	
492	南海正北	100050	郑无名	2	99	54	-1	-1	-1	-1	1	苏州	10	224	185	
493	琼州正西	100051	郑无名	2	99	54	-1	-1	-1	-1	1	苏州	10	224	185	
494	南诏西南	100052	郑无名	2	99	54	-1	-1	-1	-1	1	苏州	10	224	185	
495	苗疆正东	100053	郑无名	2	99	54	-1	-1	-1	-1	1	苏州	10	224	185	
496	雁南正南	100000	郑无名	2	99	54	-1	-1	-1	-1	186	楼兰	75	188	130	
497	雁北正西	100001	郑无名	2	99	54	-1	-1	-1	-1	186	楼兰	75	188	130	
498	西湖正西	100002	郑无名	2	99	54	-1	-1	-1	-1	186	楼兰	75	188	130	
499	龙泉正北	100003	郑无名	2	99	54	-1	-1	-1	-1	186	楼兰	75	188	130	
500	苍山正西	100004	郑无名	2	99	54	-1	-1	-1	-1	186	楼兰	75	188	130	
501	洱海正西	100005	郑无名	2	99	54	-1	-1	-1	-1	186	楼兰	75	188	130	
502	草原正西	100006	郑无名	2	99	54	-1	-1	-1	-1	186	楼兰	75	188	130	
503	辽西西北	100007	郑无名	2	99	54	-1	-1	-1	-1	186	楼兰	75	188	130	
504	武夷正西	100008	郑无名	2	99	54	-1	-1	-1	-1	186	楼兰	75	188	130	
505	梅岭西北	100009	郑无名	2	99	54	-1	-1	-1	-1	186	楼兰	75	188	130	
506	石林正南	100010	郑无名	2	99	54	-1	-1	-1	-1	186	楼兰	75	188	130	
507	玉溪西南	100011	郑无名	2	99	54	-1	-1	-1	-1	186	楼兰	75	188	130	
508	长白山西北	100012	郑无名	2	99	54	-1	-1	-1	-1	186	楼兰	75	188	130	
509	黄龙府西北	100013	郑无名	2	99	54	-1	-1	-1	-1	186	楼兰	75	188	130	
510	南海正北	100014	郑无名	2	99	54	-1	-1	-1	-1	186	楼兰	75	188	130	
511	琼州正西	100015	郑无名	2	99	54	-1	-1	-1	-1	186	楼兰	75	188	130	
512	南诏西南	100016	郑无名	2	99	54	-1	-1	-1	-1	186	楼兰	75	188	130	
513	苗疆正东	100017	郑无名	2	99	54	-1	-1	-1	-1	186	楼兰	75	188	130	
514	雁南正南	100018	郑无名	2	99	54	-1	-1	-1	-1	186	楼兰	75	188	130	
515	雁北正西	100019	郑无名	2	99	54	-1	-1	-1	-1	186	楼兰	75	188	130	
516	西湖正西	100020	郑无名	2	99	54	-1	-1	-1	-1	186	楼兰	75	188	130	
517	龙泉正北	100021	郑无名	2	99	54	-1	-1	-1	-1	186	楼兰	75	188	130	
518	苍山正西	100022	郑无名	2	99	54	-1	-1	-1	-1	186	楼兰	75	188	130	
519	洱海正西	100023	郑无名	2	99	54	-1	-1	-1	-1	186	楼兰	75	188	130	
520	草原正西	100024	郑无名	2	99	54	-1	-1	-1	-1	186	楼兰	75	188	130	
521	辽西西北	100025	郑无名	2	99	54	-1	-1	-1	-1	186	楼兰	75	188	130	
522	武夷正西	100026	郑无名	2	99	54	-1	-1	-1	-1	186	楼兰	75	188	130	
523	梅岭西北	100027	郑无名	2	99	54	-1	-1	-1	-1	186	楼兰	75	188	130	
524	石林正南	100028	郑无名	2	99	54	-1	-1	-1	-1	186	楼兰	75	188	130	
525	玉溪西南	100029	郑无名	2	99	54	-1	-1	-1	-1	186	楼兰	75	188	130	
526	长白山西北	100030	郑无名	2	99	54	-1	-1	-1	-1	186	楼兰	75	188	130	
527	黄龙府西北	100031	郑无名	2	99	54	-1	-1	-1	-1	186	楼兰	75	188	130	
528	南海正北	100032	郑无名	2	99	54	-1	-1	-1	-1	186	楼兰	75	188	130	
529	琼州正西	100033	郑无名	2	99	54	-1	-1	-1	-1	186	楼兰	75	188	130	
530	南诏西南	100034	郑无名	2	99	54	-1	-1	-1	-1	186	楼兰	75	188	130	
531	苗疆正东	100035	郑无名	2	99	54	-1	-1	-1	-1	186	楼兰	75	188	130	
532	雁南正南	100036	郑无名	2	99	54	-1	-1	-1	-1	186	楼兰	75	188	130	
533	雁北正西	100037	郑无名	2	99	54	-1	-1	-1	-1	186	楼兰	75	188	130	
534	西湖正西	100038	郑无名	2	99	54	-1	-1	-1	-1	186	楼兰	75	188	130	
535	龙泉正北	100039	郑无名	2	99	54	-1	-1	-1	-1	186	楼兰	75	188	130	
536	苍山正西	100040	郑无名	2	99	54	-1	-1	-1	-1	186	楼兰	75	188	130	
537	洱海正西	100041	郑无名	2	99	54	-1	-1	-1	-1	186	楼兰	75	188	130	
538	草原正西	100042	郑无名	2	99	54	-1	-1	-1	-1	186	楼兰	75	188	130	
539	辽西西北	100043	郑无名	2	99	54	-1	-1	-1	-1	186	楼兰	75	188	130	
540	武夷正西	100044	郑无名	2	99	54	-1	-1	-1	-1	186	楼兰	75	188	130	
541	梅岭西北	100045	郑无名	2	99	54	-1	-1	-1	-1	186	楼兰	75	188	130	
542	石林正南	100046	郑无名	2	99	54	-1	-1	-1	-1	186	楼兰	75	188	130	
543	玉溪西南	100047	郑无名	2	99	54	-1	-1	-1	-1	186	楼兰	75	188	130	
544	长白山西北	100048	郑无名	2	99	54	-1	-1	-1	-1	186	楼兰	75	188	130	
545	黄龙府西北	100049	郑无名	2	99	54	-1	-1	-1	-1	186	楼兰	75	188	130	
546	南海正北	100050	郑无名	2	99	54	-1	-1	-1	-1	186	楼兰	75	188	130	
547	琼州正西	100051	郑无名	2	99	54	-1	-1	-1	-1	186	楼兰	75	188	130	
548	南诏西南	100052	郑无名	2	99	54	-1	-1	-1	-1	186	楼兰	75	188	130	
549	苗疆正东	100053	郑无名	2	99	54	-1	-1	-1	-1	186	楼兰	75	188	130	
550	大理	2	范纯礼	163	182	118	-1	-1	-1	-1	100000	雁南正南	10	99	149	
551	大理	2	范纯礼	163	182	118	-1	-1	-1	-1	100001	雁北正西	10	99	149	
552	大理	2	范纯礼	163	182	118	-1	-1	-1	-1	100002	西湖正西	10	99	149	
553	大理	2	范纯礼	163	182	118	-1	-1	-1	-1	100003	龙泉正北	10	99	149	
554	大理	2	范纯礼	163	182	118	-1	-1	-1	-1	100004	苍山正西	10	99	149	
555	大理	2	范纯礼	163	182	118	-1	-1	-1	-1	100005	洱海正西	10	99	149	
556	大理	2	范纯礼	163	182	118	-1	-1	-1	-1	100006	草原正西	10	99	149	
557	大理	2	范纯礼	163	182	118	-1	-1	-1	-1	100007	辽西西北	10	99	149	
558	大理	2	范纯礼	163	182	118	-1	-1	-1	-1	100008	武夷正西	10	99	149	
559	大理	2	范纯礼	163	182	118	-1	-1	-1	-1	100009	梅岭西北	10	99	149	
560	大理	2	范纯礼	163	182	118	-1	-1	-1	-1	100010	石林正南	10	99	149	
561	大理	2	范纯礼	163	182	118	-1	-1	-1	-1	100011	玉溪西南	10	99	149	
562	大理	2	范纯礼	163	182	118	-1	-1	-1	-1	100012	长白山西北	10	99	149	
563	大理	2	范纯礼	163	182	118	-1	-1	-1	-1	100013	黄龙府西北	10	99	149	
564	大理	2	范纯礼	163	182	118	-1	-1	-1	-1	100014	南海正北	10	99	149	
565	大理	2	范纯礼	163	182	118	-1	-1	-1	-1	100015	琼州正西	10	99	149	
566	大理	2	范纯礼	163	182	118	-1	-1	-1	-1	100016	南诏西南	10	99	149	
567	大理	2	范纯礼	163	182	118	-1	-1	-1	-1	100017	苗疆正东	10	99	149	
568	大理	2	范纯礼	163	182	118	-1	-1	-1	-1	100018	雁南正南	10	99	149	
569	大理	2	范纯礼	163	182	118	-1	-1	-1	-1	100019	雁北正西	10	99	149	
570	大理	2	范纯礼	163	182	118	-1	-1	-1	-1	100020	西湖正西	10	99	149	
571	大理	2	范纯礼	163	182	118	-1	-1	-1	-1	100021	龙泉正北	10	99	149	
572	大理	2	范纯礼	163	182	118	-1	-1	-1	-1	100022	苍山正西	10	99	149	
573	大理	2	范纯礼	163	182	118	-1	-1	-1	-1	100023	洱海正西	10	99	149	
574	大理	2	范纯礼	163	182	118	-1	-1	-1	-1	100024	草原正西	10	99	149	
575	大理	2	范纯礼	163	182	118	-1	-1	-1	-1	100025	辽西西北	10	99	149	
576	大理	2	范纯礼	163	182	118	-1	-1	-1	-1	100026	武夷正西	10	99	149	
577	大理	2	范纯礼	163	182	118	-1	-1	-1	-1	100027	梅岭西北	10	99	149	
578	大理	2	范纯礼	163	182	118	-1	-1	-1	-1	100028	石林正南	10	99	149	
579	大理	2	范纯礼	163	182	118	-1	-1	-1	-1	100029	玉溪西南	10	99	149	
580	大理	2	范纯礼	163	182	118	-1	-1	-1	-1	100030	长白山西北	10	99	149	
581	大理	2	范纯礼	163	182	118	-1	-1	-1	-1	100031	黄龙府西北	10	99	149	
582	大理	2	范纯礼	163	182	118	-1	-1	-1	-1	100032	南海正北	10	99	149	
583	大理	2	范纯礼	163	182	118	-1	-1	-1	-1	100033	琼州正西	10	99	149	
584	大理	2	范纯礼	163	182	118	-1	-1	-1	-1	100034	南诏西南	10	99	149	
585	大理	2	范纯礼	163	182	118	-1	-1	-1	-1	100035	苗疆正东	10	99	149	
586	大理	2	范纯礼	163	182	118	-1	-1	-1	-1	100036	雁南正南	10	99	149	
587	大理	2	范纯礼	163	182	118	-1	-1	-1	-1	100037	雁北正西	10	99	149	
588	大理	2	范纯礼	163	182	118	-1	-1	-1	-1	100038	西湖正西	10	99	149	
589	大理	2	范纯礼	163	182	118	-1	-1	-1	-1	100039	龙泉正北	10	99	149	
590	大理	2	范纯礼	163	182	118	-1	-1	-1	-1	100040	苍山正西	10	99	149	
591	大理	2	范纯礼	163	182	118	-1	-1	-1	-1	100041	洱海正西	10	99	149	
592	大理	2	范纯礼	163	182	118	-1	-1	-1	-1	100042	草原正西	10	99	149	
593	大理	2	范纯礼	163	182	118	-1	-1	-1	-1	100043	辽西西北	10	99	149	
594	大理	2	范纯礼	163	182	118	-1	-1	-1	-1	100044	武夷正西	10	99	149	
595	大理	2	范纯礼	163	182	118	-1	-1	-1	-1	100045	梅岭西北	10	99	149	
596	大理	2	范纯礼	163	182	118	-1	-1	-1	-1	100046	石林正南	10	99	149	
597	大理	2	范纯礼	163	182	118	-1	-1	-1	-1	100047	玉溪西南	10	99	149	
598	大理	2	范纯礼	163	182	118	-1	-1	-1	-1	100048	长白山西北	10	99	149	
599	大理	2	范纯礼	163	182	118	-1	-1	-1	-1	100049	黄龙府西北	10	99	149	
600	大理	2	范纯礼	163	182	118	-1	-1	-1	-1	100050	南海正北	10	99	149	
601	大理	2	范纯礼	163	182	118	-1	-1	-1	-1	100051	琼州正西	10	99	149	
602	大理	2	范纯礼	163	182	118	-1	-1	-1	-1	100052	南诏西南	10	99	149	
603	大理	2	范纯礼	163	182	118	-1	-1	-1	-1	100053	苗疆正东	10	99	149	
604	洛阳	0	范纯仁	177	140	95	-1	-1	-1	-1	100000	雁南正南	10	99	149	
605	洛阳	0	范纯仁	177	140	95	-1	-1	-1	-1	100001	雁北正西	10	99	149	
606	洛阳	0	范纯仁	177	140	95	-1	-1	-1	-1	100002	西湖正西	10	99	149	
607	洛阳	0	范纯仁	177	140	95	-1	-1	-1	-1	100003	龙泉正北	10	99	149	
608	洛阳	0	范纯仁	177	140	95	-1	-1	-1	-1	100004	苍山正西	10	99	149	
609	洛阳	0	范纯仁	177	140	95	-1	-1	-1	-1	100005	洱海正西	10	99	149	
610	洛阳	0	范纯仁	177	140	95	-1	-1	-1	-1	100006	草原正西	10	99	149	
611	洛阳	0	范纯仁	177	140	95	-1	-1	-1	-1	100007	辽西西北	10	99	149	
612	洛阳	0	范纯仁	177	140	95	-1	-1	-1	-1	100008	武夷正西	10	99	149	
613	洛阳	0	范纯仁	177	140	95	-1	-1	-1	-1	100009	梅岭西北	10	99	149	
614	洛阳	0	范纯仁	177	140	95	-1	-1	-1	-1	100010	石林正南	10	99	149	
615	洛阳	0	范纯仁	177	140	95	-1	-1	-1	-1	100011	玉溪西南	10	99	149	
616	洛阳	0	范纯仁	177	140	95	-1	-1	-1	-1	100012	长白山西北	10	99	149	
617	洛阳	0	范纯仁	177	140	95	-1	-1	-1	-1	100013	黄龙府西北	10	99	149	
618	洛阳	0	范纯仁	177	140	95	-1	-1	-1	-1	100014	南海正北	10	99	149	
619	洛阳	0	范纯仁	177	140	95	-1	-1	-1	-1	100015	琼州正西	10	99	149	
620	洛阳	0	范纯仁	177	140	95	-1	-1	-1	-1	100016	南诏西南	10	99	149	
621	洛阳	0	范纯仁	177	140	95	-1	-1	-1	-1	100017	苗疆正东	10	99	149	
622	洛阳	0	范纯仁	177	140	95	-1	-1	-1	-1	100018	雁南正南	10	99	149	
623	洛阳	0	范纯仁	177	140	95	-1	-1	-1	-1	100019	雁北正西	10	99	149	
624	洛阳	0	范纯仁	177	140	95	-1	-1	-1	-1	100020	西湖正西	10	99	149	
625	洛阳	0	范纯仁	177	140	95	-1	-1	-1	-1	100021	龙泉正北	10	99	149	
626	洛阳	0	范纯仁	177	140	95	-1	-1	-1	-1	100022	苍山正西	10	99	149	
627	洛阳	0	范纯仁	177	140	95	-1	-1	-1	-1	100023	洱海正西	10	99	149	
628	洛阳	0	范纯仁	177	140	95	-1	-1	-1	-1	100024	草原正西	10	99	149	
629	洛阳	0	范纯仁	177	140	95	-1	-1	-1	-1	100025	辽西西北	10	99	149	
630	洛阳	0	范纯仁	177	140	95	-1	-1	-1	-1	100026	武夷正西	10	99	149	
631	洛阳	0	范纯仁	177	140	95	-1	-1	-1	-1	100027	梅岭西北	10	99	149	
632	洛阳	0	范纯仁	177	140	95	-1	-1	-1	-1	100028	石林正南	10	99	149	
633	洛阳	0	范纯仁	177	140	95	-1	-1	-1	-1	100029	玉溪西南	10	99	149	
634	洛阳	0	范纯仁	177	140	95	-1	-1	-1	-1	100030	长白山西北	10	99	149	
635	洛阳	0	范纯仁	177	140	95	-1	-1	-1	-1	100031	黄龙府西北	10	99	149	
636	洛阳	0	范纯仁	177	140	95	-1	-1	-1	-1	100032	南海正北	10	99	149	
637	洛阳	0	范纯仁	177	140	95	-1	-1	-1	-1	100033	琼州正西	10	99	149	
638	洛阳	0	范纯仁	177	140	95	-1	-1	-1	-1	100034	南诏西南	10	99	149	
639	洛阳	0	范纯仁	177	140	95	-1	-1	-1	-1	100035	苗疆正东	10	99	149	
640	洛阳	0	范纯仁	177	140	95	-1	-1	-1	-1	100036	雁南正南	10	99	149	
641	洛阳	0	范纯仁	177	140	95	-1	-1	-1	-1	100037	雁北正西	10	99	149	
642	洛阳	0	范纯仁	177	140	95	-1	-1	-1	-1	100038	西湖正西	10	99	149	
643	洛阳	0	范纯仁	177	140	95	-1	-1	-1	-1	100039	龙泉正北	10	99	149	
644	洛阳	0	范纯仁	177	140	95	-1	-1	-1	-1	100040	苍山正西	10	99	149	
645	洛阳	0	范纯仁	177	140	95	-1	-1	-1	-1	100041	洱海正西	10	99	149	
646	洛阳	0	范纯仁	177	140	95	-1	-1	-1	-1	100042	草原正西	10	99	149	
647	洛阳	0	范纯仁	177	140	95	-1	-1	-1	-1	100043	辽西西北	10	99	149	
648	洛阳	0	范纯仁	177	140	95	-1	-1	-1	-1	100044	武夷正西	10	99	149	
649	洛阳	0	范纯仁	177	140	95	-1	-1	-1	-1	100045	梅岭西北	10	99	149	
650	洛阳	0	范纯仁	177	140	95	-1	-1	-1	-1	100046	石林正南	10	99	149	
651	洛阳	0	范纯仁	177	140	95	-1	-1	-1	-1	100047	玉溪西南	10	99	149	
652	洛阳	0	范纯仁	177	140	95	-1	-1	-1	-1	100048	长白山西北	10	99	149	
653	洛阳	0	范纯仁	177	140	95	-1	-1	-1	-1	100049	黄龙府西北	10	99	149	
654	洛阳	0	范纯仁	177	140	95	-1	-1	-1	-1	100050	南海正北	10	99	149	
655	洛阳	0	范纯仁	177	140	95	-1	-1	-1	-1	100051	琼州正西	10	99	149	
656	洛阳	0	范纯仁	177	140	95	-1	-1	-1	-1	100052	南诏西南	10	99	149	
657	洛阳	0	范纯仁	177	140	95	-1	-1	-1	-1	100053	苗疆正东	10	99	149	
658	苏州	1	范纯粹	157	224	184	-1	-1	-1	-1	100000	雁南正南	10	99	149	
659	苏州	1	范纯粹	157	224	184	-1	-1	-1	-1	100001	雁北正西	10	99	149	
660	苏州	1	范纯粹	157	224	184	-1	-1	-1	-1	100002	西湖正西	10	99	149	
661	苏州	1	范纯粹	157	224	184	-1	-1	-1	-1	100003	龙泉正北	10	99	149	
662	苏州	1	范纯粹	157	224	184	-1	-1	-1	-1	100004	苍山正西	10	99	149	
663	苏州	1	范纯粹	157	224	184	-1	-1	-1	-1	100005	洱海正西	10	99	149	
664	苏州	1	范纯粹	157	224	184	-1	-1	-1	-1	100006	草原正西	10	99	149	
665	苏州	1	范纯粹	157	224	184	-1	-1	-1	-1	100007	辽西西北	10	99	149	
666	苏州	1	范纯粹	157	224	184	-1	-1	-1	-1	100008	武夷正西	10	99	149	
667	苏州	1	范纯粹	157	224	184	-1	-1	-1	-1	100009	梅岭西北	10	99	149	
668	苏州	1	范纯粹	157	224	184	-1	-1	-1	-1	100010	石林正南	10	99	149	
669	苏州	1	范纯粹	157	224	184	-1	-1	-1	-1	100011	玉溪西南	10	99	149	
670	苏州	1	范纯粹	157	224	184	-1	-1	-1	-1	100012	长白山西北	10	99	149	
671	苏州	1	范纯粹	157	224	184	-1	-1	-1	-1	100013	黄龙府西北	10	99	149	
672	苏州	1	范纯粹	157	224	184	-1	-1	-1	-1	100014	南海正北	10	99	149	
673	苏州	1	范纯粹	157	224	184	-1	-1	-1	-1	100015	琼州正西	10	99	149	
674	苏州	1	范纯粹	157	224	184	-1	-1	-1	-1	100016	南诏西南	10	99	149	
675	苏州	1	范纯粹	157	224	184	-1	-1	-1	-1	100017	苗疆正东	10	99	149	
676	苏州	1	范纯粹	157	224	184	-1	-1	-1	-1	100018	雁南正南	10	99	149	
677	苏州	1	范纯粹	157	224	184	-1	-1	-1	-1	100019	雁北正西	10	99	149	
678	苏州	1	范纯粹	157	224	184	-1	-1	-1	-1	100020	西湖正西	10	99	149	
679	苏州	1	范纯粹	157	224	184	-1	-1	-1	-1	100021	龙泉正北	10	99	149	
680	苏州	1	范纯粹	157	224	184	-1	-1	-1	-1	100022	苍山正西	10	99	149	
681	苏州	1	范纯粹	157	224	184	-1	-1	-1	-1	100023	洱海正西	10	99	149	
682	苏州	1	范纯粹	157	224	184	-1	-1	-1	-1	100024	草原正西	10	99	149	
683	苏州	1	范纯粹	157	224	184	-1	-1	-1	-1	100025	辽西西北	10	99	149	
684	苏州	1	范纯粹	157	224	184	-1	-1	-1	-1	100026	武夷正西	10	99	149	
685	苏州	1	范纯粹	157	224	184	-1	-1	-1	-1	100027	梅岭西北	10	99	149	
686	苏州	1	范纯粹	157	224	184	-1	-1	-1	-1	100028	石林正南	10	99	149	
687	苏州	1	范纯粹	157	224	184	-1	-1	-1	-1	100029	玉溪西南	10	99	149	
688	苏州	1	范纯粹	157	224	184	-1	-1	-1	-1	100030	长白山西北	10	99	149	
689	苏州	1	范纯粹	157	224	184	-1	-1	-1	-1	100031	黄龙府西北	10	99	149	
690	苏州	1	范纯粹	157	224	184	-1	-1	-1	-1	100032	南海正北	10	99	149	
691	苏州	1	范纯粹	157	224	184	-1	-1	-1	-1	100033	琼州正西	10	99	149	
692	苏州	1	范纯粹	157	224	184	-1	-1	-1	-1	100034	南诏西南	10	99	149	
693	苏州	1	范纯粹	157	224	184	-1	-1	-1	-1	100035	苗疆正东	10	99	149	
694	苏州	1	范纯粹	157	224	184	-1	-1	-1	-1	100036	雁南正南	10	99	149	
695	苏州	1	范纯粹	157	224	184	-1	-1	-1	-1	100037	雁北正西	10	99	149	
696	苏州	1	范纯粹	157	224	184	-1	-1	-1	-1	100038	西湖正西	10	99	149	
697	苏州	1	范纯粹	157	224	184	-1	-1	-1	-1	100039	龙泉正北	10	99	149	
698	苏州	1	范纯粹	157	224	184	-1	-1	-1	-1	100040	苍山正西	10	99	149	
699	苏州	1	范纯粹	157	224	184	-1	-1	-1	-1	100041	洱海正西	10	99	149	
700	苏州	1	范纯粹	157	224	184	-1	-1	-1	-1	100042	草原正西	10	99	149	
701	苏州	1	范纯粹	157	224	184	-1	-1	-1	-1	100043	辽西西北	10	99	149	
702	苏州	1	范纯粹	157	224	184	-1	-1	-1	-1	100044	武夷正西	10	99	149	
703	苏州	1	范纯粹	157	224	184	-1	-1	-1	-1	100045	梅岭西北	10	99	149	
704	苏州	1	范纯粹	157	224	184	-1	-1	-1	-1	100046	石林正南	10	99	149	
705	苏州	1	范纯粹	157	224	184	-1	-1	-1	-1	100047	玉溪西南	10	99	149	
706	苏州	1	范纯粹	157	224	184	-1	-1	-1	-1	100048	长白山西北	10	99	149	
707	苏州	1	范纯粹	157	224	184	-1	-1	-1	-1	100049	黄龙府西北	10	99	149	
708	苏州	1	范纯粹	157	224	184	-1	-1	-1	-1	100050	南海正北	10	99	149	
709	苏州	1	范纯粹	157	224	184	-1	-1	-1	-1	100051	琼州正西	10	99	149	
710	苏州	1	范纯粹	157	224	184	-1	-1	-1	-1	100052	南诏西南	10	99	149	
711	苏州	1	范纯粹	157	224	184	-1	-1	-1	-1	100053	苗疆正东	10	99	149	
712	楼兰	186	范纯祐	86	191	130	-1	-1	-1	-1	100000	雁南正南	10	99	149	
713	楼兰	186	范纯祐	86	191	130	-1	-1	-1	-1	100001	雁北正西	10	99	149	
714	楼兰	186	范纯祐	86	191	130	-1	-1	-1	-1	100002	西湖正西	10	99	149	
715	楼兰	186	范纯祐	86	191	130	-1	-1	-1	-1	100003	龙泉正北	10	99	149	
716	楼兰	186	范纯祐	86	191	130	-1	-1	-1	-1	100004	苍山正西	10	99	149	
717	楼兰	186	范纯祐	86	191	130	-1	-1	-1	-1	100005	洱海正西	10	99	149	
718	楼兰	186	范纯祐	86	191	130	-1	-1	-1	-1	100006	草原正西	10	99	149	
719	楼兰	186	范纯祐	86	191	130	-1	-1	-1	-1	100007	辽西西北	10	99	149	
720	楼兰	186	范纯祐	86	191	130	-1	-1	-1	-1	100008	武夷正西	10	99	149	
721	楼兰	186	范纯祐	86	191	130	-1	-1	-1	-1	100009	梅岭西北	10	99	149	
722	楼兰	186	范纯祐	86	191	130	-1	-1	-1	-1	100010	石林正南	10	99	149	
723	楼兰	186	范纯祐	86	191	130	-1	-1	-1	-1	100011	玉溪西南	10	99	149	
724	楼兰	186	范纯祐	86	191	130	-1	-1	-1	-1	100012	长白山西北	10	99	149	
725	楼兰	186	范纯祐	86	191	130	-1	-1	-1	-1	100013	黄龙府西北	10	99	149	
726	楼兰	186	范纯祐	86	191	130	-1	-1	-1	-1	100014	南海正北	10	99	149	
727	楼兰	186	范纯祐	86	191	130	-1	-1	-1	-1	100015	琼州正西	10	99	149	
728	楼兰	186	范纯祐	86	191	130	-1	-1	-1	-1	100016	南诏西南	10	99	149	
729	楼兰	186	范纯祐	86	191	130	-1	-1	-1	-1	100017	苗疆正东	10	99	149	
730	楼兰	186	范纯祐	86	191	130	-1	-1	-1	-1	100018	雁南正南	10	99	149	
731	楼兰	186	范纯祐	86	191	130	-1	-1	-1	-1	100019	雁北正西	10	99	149	
732	楼兰	186	范纯祐	86	191	130	-1	-1	-1	-1	100020	西湖正西	10	99	149	
733	楼兰	186	范纯祐	86	191	130	-1	-1	-1	-1	100021	龙泉正北	10	99	149	
734	楼兰	186	范纯祐	86	191	130	-1	-1	-1	-1	100022	苍山正西	10	99	149	
735	楼兰	186	范纯祐	86	191	130	-1	-1	-1	-1	100023	洱海正西	10	99	149	
736	楼兰	186	范纯祐	86	191	130	-1	-1	-1	-1	100024	草原正西	10	99	149	
737	楼兰	186	范纯祐	86	191	130	-1	-1	-1	-1	100025	辽西西北	10	99	149	
738	楼兰	186	范纯祐	86	191	130	-1	-1	-1	-1	100026	武夷正西	10	99	149	
739	楼兰	186	范纯祐	86	191	130	-1	-1	-1	-1	100027	梅岭西北	10	99	149	
740	楼兰	186	范纯祐	86	191	130	-1	-1	-1	-1	100028	石林正南	10	99	149	
741	楼兰	186	范纯祐	86	191	130	-1	-1	-1	-1	100029	玉溪西南	10	99	149	
742	楼兰	186	范纯祐	86	191	130	-1	-1	-1	-1	100030	长白山西北	10	99	149	
743	楼兰	186	范纯祐	86	191	130	-1	-1	-1	-1	100031	黄龙府西北	10	99	149	
744	楼兰	186	范纯祐	86	191	130	-1	-1	-1	-1	100032	南海正北	10	99	149	
745	楼兰	186	范纯祐	86	191	130	-1	-1	-1	-1	100033	琼州正西	10	99	149	
746	楼兰	186	范纯祐	86	191	130	-1	-1	-1	-1	100034	南诏西南	10	99	149	
747	楼兰	186	范纯祐	86	191	130	-1	-1	-1	-1	100035	苗疆正东	10	99	149	
748	楼兰	186	范纯祐	86	191	130	-1	-1	-1	-1	100036	雁南正南	10	99	149	
749	楼兰	186	范纯祐	86	191	130	-1	-1	-1	-1	100037	雁北正西	10	99	149	
750	楼兰	186	范纯祐	86	191	130	-1	-1	-1	-1	100038	西湖正西	10	99	149	
751	楼兰	186	范纯祐	86	191	130	-1	-1	-1	-1	100039	龙泉正北	10	99	149	
752	楼兰	186	范纯祐	86	191	130	-1	-1	-1	-1	100040	苍山正西	10	99	149	
753	楼兰	186	范纯祐	86	191	130	-1	-1	-1	-1	100041	洱海正西	10	99	149	
754	楼兰	186	范纯祐	86	191	130	-1	-1	-1	-1	100042	草原正西	10	99	149	
755	楼兰	186	范纯祐	86	191	130	-1	-1	-1	-1	100043	辽西西北	10	99	149	
756	楼兰	186	范纯祐	86	191	130	-1	-1	-1	-1	100044	武夷正西	10	99	149	
757	楼兰	186	范纯祐	86	191	130	-1	-1	-1	-1	100045	梅岭西北	10	99	149	
758	楼兰	186	范纯祐	86	191	130	-1	-1	-1	-1	100046	石林正南	10	99	149	
759	楼兰	186	范纯祐	86	191	130	-1	-1	-1	-1	100047	玉溪西南	10	99	149	
760	楼兰	186	范纯祐	86	191	130	-1	-1	-1	-1	100048	长白山西北	10	99	149	
761	楼兰	186	范纯祐	86	191	130	-1	-1	-1	-1	100049	黄龙府西北	10	99	149	
762	楼兰	186	范纯祐	86	191	130	-1	-1	-1	-1	100050	南海正北	10	99	149	
763	楼兰	186	范纯祐	86	191	130	-1	-1	-1	-1	100051	琼州正西	10	99	149	
764	楼兰	186	范纯祐	86	191	130	-1	-1	-1	-1	100052	南诏西南	10	99	149	
765	楼兰	186	范纯祐	86	191	130	-1	-1	-1	-1	100053	苗疆正东	10	99	149	
766	雁南	18	雁南正南校尉	138	72	282	-1	-1	-1	-1	100000	雁南正南	10	99	149	
767	雁北	19	雁北正西校尉	115	32	127	-1	-1	-1	-1	100001	雁北正西	10	99	149	
768	西湖	30	西湖正西校尉	91	39	139	-1	-1	-1	-1	100002	西湖正西	10	99	149	
769	龙泉	31	龙泉正北校尉	141	63	33	-1	-1	-1	-1	100003	龙泉正北	10	99	149	
770	苍山	25	苍山正西校尉	70	37	172	-1	-1	-1	-1	100004	苍山正西	10	99	149	
771	洱海	24	洱海正西校尉	141	34	100	-1	-1	-1	-1	100005	洱海正西	10	99	149	
772	草原	20	草原正西校尉	166	66	202	-1	-1	-1	-1	100006	草原正西	10	99	149	
773	辽西	21	辽西西北校尉	142	75	35	-1	-1	-1	-1	100007	辽西西北	10	99	149	
774	武夷	32	武夷正西校尉	142	92	171	-1	-1	-1	-1	100008	武夷正西	10	99	149	
775	梅岭	33	梅岭西北校尉	151	31	90	-1	-1	-1	-1	100009	梅岭西北	10	99	149	
776	石林	26	石林正南校尉	138	278	281	-1	-1	-1	-1	100010	石林正南	10	99	149	
777	玉溪	27	玉溪西南校尉	136	33	251	-1	-1	-1	-1	100011	玉溪西南	10	99	149	
778	长白山	22	长白山西北校尉	119	39	63	-1	-1	-1	-1	100012	长白山西北	10	99	149	
779	黄龙府	23	黄龙府西北校尉	114	28	54	-1	-1	-1	-1	100013	黄龙府西北	10	99	149	
780	南海	34	南海正北校尉	109	134	40	-1	-1	-1	-1	100014	南海正北	10	99	149	
781	琼州	35	琼州正西校尉	110	80	139	-1	-1	-1	-1	100015	琼州正西	10	99	149	
782	南诏	28	南诏西南校尉	120	39	254	-1	-1	-1	-1	100016	南诏西南	10	99	149	
783	苗疆	29	苗疆正东校尉	117	281	160	-1	-1	-1	-1	100017	苗疆正东	10	99	149	
784	雁南	18	雁南正北校尉	139	102	38	-1	-1	-1	-1	100018	雁南正南	10	99	149	
785	雁北	19	雁北西北校尉	120	116	29	-1	-1	-1	-1	100019	雁北正西	10	99	149	
786	西湖	30	西湖西南校尉	107	45	267	-1	-1	-1	-1	100020	西湖正西	10	99	149	
787	龙泉	31	龙泉正西校尉	142	35	121	-1	-1	-1	-1	100021	龙泉正北	10	99	149	
788	苍山	25	苍山正南校尉	160	146	284	-1	-1	-1	-1	100022	苍山正西	10	99	149	
789	洱海	24	洱海正南校尉	143	173	283	-1	-1	-1	-1	100023	洱海正西	10	99	149	
790	草原	20	草原西南校尉	173	97	281	-1	-1	-1	-1	100024	草原正西	10	99	149	
791	辽西	21	辽西正西校尉	151	40	142	-1	-1	-1	-1	100025	辽西西北	10	99	149	
792	武夷	32	武夷正南校尉	150	113	280	-1	-1	-1	-1	100026	武夷正西	10	99	149	
793	梅岭	33	梅岭正东校尉	158	283	236	-1	-1	-1	-1	100027	梅岭西北	10	99	149	
794	石林	26	石林东北校尉	146	227	37	-1	-1	-1	-1	100028	石林正南	10	99	149	
795	玉溪	27	玉溪正南校尉	142	196	280	-1	-1	-1	-1	100029	玉溪西南	10	99	149	
796	长白山	22	长白山正东校尉	147	280	154	-1	-1	-1	-1	100030	长白山西北	10	99	149	
797	黄龙府	23	黄龙府正东校尉	143	290	115	-1	-1	-1	-1	100031	黄龙府西北	10	99	149	
798	南海	34	南海东北校尉	116	293	58	-1	-1	-1	-1	100032	南海正北	10	99	149	
799	琼州	35	琼州东北校尉	119	273	52	-1	-1	-1	-1	100033	琼州正西	10	99	149	
800	南诏	28	南诏西北校尉	127	95	40	-1	-1	-1	-1	100034	南诏西南	10	99	149	
801	苗疆	29	苗疆西南校尉	156	37	251	-1	-1	-1	-1	100035	苗疆正东	10	99	149	
802	雁南	18	雁南正东校尉	140	281	113	-1	-1	-1	-1	100036	雁南正南	10	99	149	
803	雁北	19	雁北东北校尉	121	234	24	-1	-1	-1	-1	100037	雁北正西	10	99	149	
804	西湖	30	西湖正东校尉	108	261	231	-1	-1	-1	-1	100038	西湖正西	10	99	149	
805	龙泉	31	龙泉东南校尉	143	218	282	-1	-1	-1	-1	100039	龙泉正北	10	99	149	
806	苍山	25	苍山正东校尉	161	294	153	-1	-1	-1	-1	100040	苍山正西	10	99	149	
807	洱海	24	洱海正东校尉	144	285	166	-1	-1	-1	-1	100041	洱海正西	10	99	149	
808	草原	20	草原正东校尉	174	271	194	-1	-1	-1	-1	100042	草原正西	10	99	149	
809	辽西	21	辽西东南校尉	152	277	258	-1	-1	-1	-1	100043	辽西西北	10	99	149	
810	武夷	32	武夷东北校尉	151	255	38	-1	-1	-1	-1	100044	武夷正西	10	99	149	
811	梅岭	33	梅岭东北校尉	159	269	37	-1	-1	-1	-1	100045	梅岭西北	10	99	149	
812	石林	26	石林正西校尉	147	44	178	-1	-1	-1	-1	100046	石林正南	10	99	149	
813	玉溪	27	玉溪正北校尉	143	178	37	-1	-1	-1	-1	100047	玉溪西南	10	99	149	
814	长白山	22	长白山正南校尉	148	216	282	-1	-1	-1	-1	100048	长白山西北	10	99	149	
815	黄龙府	23	黄龙府东南校尉	144	253	285	-1	-1	-1	-1	100049	黄龙府西北	10	99	149	
816	南海	34	南海西南校尉	117	107	228	-1	-1	-1	-1	100050	南海正北	10	99	149	
817	琼州	35	琼州正东校尉	120	243	150	-1	-1	-1	-1	100051	琼州正西	10	99	149	
818	南诏	28	南诏东南校尉	128	273	241	-1	-1	-1	-1	100052	南诏西南	10	99	149	
819	苗疆	29	苗疆东北校尉	157	250	45	-1	-1	-1	-1	100053	苗疆正东	10	99	149	
820	洛阳	242	范纯仁	177	140	95	-1	-1	-1	-1	100000	雁南正南	10	99	149	
821	洛阳	242	范纯仁	177	140	95	-1	-1	-1	-1	100001	雁北正西	10	99	149	
822	洛阳	242	范纯仁	177	140	95	-1	-1	-1	-1	100002	西湖正西	10	99	149	
823	洛阳	242	范纯仁	177	140	95	-1	-1	-1	-1	100003	龙泉正北	10	99	149	
824	洛阳	242	范纯仁	177	140	95	-1	-1	-1	-1	100004	苍山正西	10	99	149	
825	洛阳	242	范纯仁	177	140	95	-1	-1	-1	-1	100005	洱海正西	10	99	149	
826	洛阳	242	范纯仁	177	140	95	-1	-1	-1	-1	100006	草原正西	10	99	149	
827	洛阳	242	范纯仁	177	140	95	-1	-1	-1	-1	100007	辽西西北	10	99	149	
828	洛阳	242	范纯仁	177	140	95	-1	-1	-1	-1	100008	武夷正西	10	99	149	
829	洛阳	242	范纯仁	177	140	95	-1	-1	-1	-1	100009	梅岭西北	10	99	149	
830	洛阳	242	范纯仁	177	140	95	-1	-1	-1	-1	100010	石林正南	10	99	149	
831	洛阳	242	范纯仁	177	140	95	-1	-1	-1	-1	100011	玉溪西南	10	99	149	
832	洛阳	242	范纯仁	177	140	95	-1	-1	-1	-1	100012	长白山西北	10	99	149	
833	洛阳	242	范纯仁	177	140	95	-1	-1	-1	-1	100013	黄龙府西北	10	99	149	
834	洛阳	242	范纯仁	177	140	95	-1	-1	-1	-1	100014	南海正北	10	99	149	
835	洛阳	242	范纯仁	177	140	95	-1	-1	-1	-1	100015	琼州正西	10	99	149	
836	洛阳	242	范纯仁	177	140	95	-1	-1	-1	-1	100016	南诏西南	10	99	149	
837	洛阳	242	范纯仁	177	140	95	-1	-1	-1	-1	100017	苗疆正东	10	99	149	
838	洛阳	242	范纯仁	177	140	95	-1	-1	-1	-1	100018	雁南正南	10	99	149	
839	洛阳	242	范纯仁	177	140	95	-1	-1	-1	-1	100019	雁北正西	10	99	149	
840	洛阳	242	范纯仁	177	140	95	-1	-1	-1	-1	100020	西湖正西	10	99	149	
841	洛阳	242	范纯仁	177	140	95	-1	-1	-1	-1	100021	龙泉正北	10	99	149	
842	洛阳	242	范纯仁	177	140	95	-1	-1	-1	-1	100022	苍山正西	10	99	149	
843	洛阳	242	范纯仁	177	140	95	-1	-1	-1	-1	100023	洱海正西	10	99	149	
844	洛阳	242	范纯仁	177	140	95	-1	-1	-1	-1	100024	草原正西	10	99	149	
845	洛阳	242	范纯仁	177	140	95	-1	-1	-1	-1	100025	辽西西北	10	99	149	
846	洛阳	242	范纯仁	177	140	95	-1	-1	-1	-1	100026	武夷正西	10	99	149	
847	洛阳	242	范纯仁	177	140	95	-1	-1	-1	-1	100027	梅岭西北	10	99	149	
848	洛阳	242	范纯仁	177	140	95	-1	-1	-1	-1	100028	石林正南	10	99	149	
849	洛阳	242	范纯仁	177	140	95	-1	-1	-1	-1	100029	玉溪西南	10	99	149	
850	洛阳	242	范纯仁	177	140	95	-1	-1	-1	-1	100030	长白山西北	10	99	149	
851	洛阳	242	范纯仁	177	140	95	-1	-1	-1	-1	100031	黄龙府西北	10	99	149	
852	洛阳	242	范纯仁	177	140	95	-1	-1	-1	-1	100032	南海正北	10	99	149	
853	洛阳	242	范纯仁	177	140	95	-1	-1	-1	-1	100033	琼州正西	10	99	149	
854	洛阳	242	范纯仁	177	140	95	-1	-1	-1	-1	100034	南诏西南	10	99	149	
855	洛阳	242	范纯仁	177	140	95	-1	-1	-1	-1	100035	苗疆正东	10	99	149	
856	洛阳	242	范纯仁	177	140	95	-1	-1	-1	-1	100036	雁南正南	10	99	149	
857	洛阳	242	范纯仁	177	140	95	-1	-1	-1	-1	100037	雁北正西	10	99	149	
858	洛阳	242	范纯仁	177	140	95	-1	-1	-1	-1	100038	西湖正西	10	99	149	
859	洛阳	242	范纯仁	177	140	95	-1	-1	-1	-1	100039	龙泉正北	10	99	149	
860	洛阳	242	范纯仁	177	140	95	-1	-1	-1	-1	100040	苍山正西	10	99	149	
861	洛阳	242	范纯仁	177	140	95	-1	-1	-1	-1	100041	洱海正西	10	99	149	
862	洛阳	242	范纯仁	177	140	95	-1	-1	-1	-1	100042	草原正西	10	99	149	
863	洛阳	242	范纯仁	177	140	95	-1	-1	-1	-1	100043	辽西西北	10	99	149	
864	洛阳	242	范纯仁	177	140	95	-1	-1	-1	-1	100044	武夷正西	10	99	149	
865	洛阳	242	范纯仁	177	140	95	-1	-1	-1	-1	100045	梅岭西北	10	99	149	
866	洛阳	242	范纯仁	177	140	95	-1	-1	-1	-1	100046	石林正南	10	99	149	
867	洛阳	242	范纯仁	177	140	95	-1	-1	-1	-1	100047	玉溪西南	10	99	149	
868	洛阳	242	范纯仁	177	140	95	-1	-1	-1	-1	100048	长白山西北	10	99	149	
869	洛阳	242	范纯仁	177	140	95	-1	-1	-1	-1	100049	黄龙府西北	10	99	149	
870	洛阳	242	范纯仁	177	140	95	-1	-1	-1	-1	100050	南海正北	10	99	149	
871	洛阳	242	范纯仁	177	140	95	-1	-1	-1	-1	100051	琼州正西	10	99	149	
872	洛阳	242	范纯仁	177	140	95	-1	-1	-1	-1	100052	南诏西南	10	99	149	
873	洛阳	242	范纯仁	177	140	95	-1	-1	-1	-1	100053	苗疆正东	10	99	149	
874	不老长春谷遗址	1298	神秘女子	0	220	91	-1	-1	-1	-1	2	大理	10	138	161	
875	大理	2	苏星河	189	140	161	-1	-1	-1	-1	1298	不老长春谷遗址	30	207	105	
876	白溪湖	1292	青鸢	2	109	108	-1	-1	-1	-1	1295	长春谷·横崖	85	54	217	
877	西凉枫林	1294	青鸢	3	91	59	-1	-1	-1	-1	1295	长春谷·横崖	85	54	217	
878	蜀南竹海	1293	青鸢	1	78	108	-1	-1	-1	-1	1295	长春谷·横崖	85	54	217	
879	长春谷·横崖	1295	青鸢	31	50	222	-1	-1	-1	-1	1292	白溪湖	85	118	110	
880	长春谷·横崖	1295	青鸢	31	50	222	-1	-1	-1	-1	1294	西凉枫林	85	95	64	
881	长春谷·横崖	1295	青鸢	31	50	222	-1	-1	-1	-1	1293	蜀南竹海	85	84	111	
882	洛阳	0	韩世忠	283	199	197	-1	-1	-1	-1	1314	清湖蜃景	50	188	211	
883	洛阳	0	韩世忠	283	199	197	-1	-1	-1	-1	1315	密林蜃景	50	59	175	
884	洛阳	0	韩世忠	283	199	197	-1	-1	-1	-1	1316	熔岩蜃景	50	202	57	
885	苏州	1	车传平	222	206	209	998727	1001	-1	-1	1317	清湖蜃景	30	192	214	
886	清湖蜃景	1317	车传平	3	192	214	998728	1001	-1	-1	1	苏州	30	206	209	
887	翠云山	1319	陈公	3	138	98	-1	-1	-1	-1	0	洛阳	1	69	62	
888	水帘洞	1320	孙远	13	39	113	-1	-1	-1	-1	0	洛阳	1	69	62	
889	永宁城	1321	路尽同	7	109	200	-1	-1	-1	-1	0	洛阳	1	69	62	
890	翠云山	1319	陈公	3	138	98	-1	-1	-1	-1	1320	水帘洞	30	41	113	
891	翠云山	1319	陈公	3	138	98	-1	-1	-1	-1	1321	永宁城	30	109	198	
892	水帘洞	1320	孙远	13	39	113	-1	-1	-1	-1	1319	翠云山	30	136	98	
893	水帘洞	1320	孙远	13	39	113	-1	-1	-1	-1	1321	永宁城	30	109	198	
894	永宁城	1321	路尽同	7	109	200	-1	-1	-1	-1	1320	水帘洞	30	41	113	
895	永宁城	1321	路尽同	7	109	200	-1	-1	-1	-1	1319	翠云山	30	136	98	
896	洛阳	0	菩提老祖	345	69	62	-1	-1	-1	-1	1319	翠云山	30	136	98	
897	洛阳	0	菩提老祖	345	69	62	-1	-1	-1	-1	1320	水帘洞	30	41	113	
898	洛阳	0	菩提老祖	345	69	62	-1	-1	-1	-1	1321	永宁城	30	109	198	
