INT	INT	INT	INT
Index	BeginTime	补充开始时间	EndTime
1	20250127	20250203	20250209
2	20250210	20250217	20250223
3	20250224	20250303	20250309
4	20250310	20250317	20250323
5	20250324	20250331	20250406
6	20250407	20250414	20250420
7	20250421	20250428	20250504
8	20250505	20250512	20250518
9	20250519	20250526	20250601
10	20250602	20250609	20250615
11	20250616	20250623	20250629
12	20250630	20250707	20250713
13	20250714	20250721	20250727
14	20250728	20250804	20250810
15	20250811	20250818	20250824
16	20250825	20250901	20250907
17	20250908	20250915	20250921
18	20250922	20250929	20251005
19	20251006	20251013	20251019
20	20251020	20251027	20251102
