INT	INT	INT	INT	INT	INT	INT	INT	INT	INT	INT	INT	INT	INT	INT	INT	INT	INT	INT	INT	INT	INT	INT	INT	INT	INT	INT	INT	INT	INT	INT	INT	INT	INT	INT	INT	INT	INT	INT	INT	INT	INT	INT	INT	INT	INT	INT	INT	INT	INT	INT	INT	INT	INT	INT	INT
级别	少林力量	少林灵气	少林体质	少林定力	少林身法	明教力量	明教灵气	明教体质	明教定力	明教身法	丐帮力量	丐帮灵气	丐帮体质	丐帮定力	丐帮身法	武当力量	武当灵气	武当体质	武当定力	武当身法	峨嵋力量	峨嵋灵气	峨嵋体质	峨嵋定力	峨嵋身法	星宿力量	星宿灵气	星宿体质	星宿定力	星宿身法	大理力量	大理灵气	大理体质	大理定力	大理身法	天山力量	天山灵气	天山体质	天山定力	天山身法	逍遥力量	逍遥灵气	逍遥体质	逍遥定力	逍遥身法	无门派力量	无门派灵气	无门派体质	无门派定力	无门派身法	曼陀力量	曼陀灵气	曼陀体质	曼陀定力	曼陀身法
0	6	1	8	2	3	9	1	6	1	3	8	2	6	1	3	1	9	4	4	2	1	7	5	5	2	1	8	6	4	1	5	5	4	2	4	8	2	6	1	3	1	7	5	4	3	5	5	4	4	2	1	7	5	4	3
1	2	0	2	0	1	2	0	2	0	1	2	0	2	0	1	0	2	1	1	1	0	2	1	1	1	0	2	2	1	0	1	1	1	1	1	2	1	1	0	1	0	2	1	1	1	2	1	1	1	0	0	2	1	1	1
2	1	0	3	1	0	3	0	1	0	1	2	0	2	0	1	1	2	1	1	0	1	1	1	2	0	0	2	1	1	1	1	1	1	1	1	2	0	2	0	1	0	1	2	1	1	1	1	1	1	1	0	1	2	1	1
3	2	1	2	0	0	2	1	2	0	0	1	1	1	1	1	0	2	2	1	0	0	2	2	1	0	1	1	2	1	0	1	1	2	0	1	2	0	1	0	2	1	2	1	0	1	1	2	1	1	0	1	2	1	0	1
4	1	0	2	1	1	2	0	1	1	1	2	0	2	0	1	0	2	1	1	1	0	1	1	2	1	0	2	1	1	1	1	1	1	1	1	2	0	2	0	1	0	1	2	1	1	1	1	1	1	1	0	1	2	1	1
5	2	0	2	0	1	2	0	2	0	1	2	0	2	0	1	0	2	1	1	1	0	2	1	1	1	0	2	2	1	0	1	1	1	1	1	2	0	1	1	1	0	2	1	1	1	1	1	1	1	1	0	2	1	1	1
6	2	0	2	0	1	2	0	2	0	1	2	0	2	0	1	0	2	1	1	1	0	2	1	1	1	0	2	2	1	0	1	1	1	1	1	2	1	1	0	1	0	2	1	1	1	1	1	2	1	0	0	2	1	1	1
7	1	0	3	1	0	3	0	1	0	1	2	0	2	0	1	1	2	1	1	0	1	1	1	2	0	0	2	1	1	1	1	1	1	1	1	2	0	2	0	1	0	1	2	1	1	1	1	1	1	1	0	1	2	1	1
8	2	1	2	0	0	2	0	2	1	0	1	1	1	1	1	0	2	2	1	0	0	2	2	1	0	1	1	2	1	0	1	1	2	0	1	2	0	1	0	2	1	2	1	0	1	1	1	1	2	0	1	2	1	0	1
9	1	0	2	1	1	2	1	1	0	1	2	0	2	0	1	0	2	1	1	1	0	1	1	2	1	0	2	1	1	1	1	1	1	1	1	2	0	2	0	1	0	1	2	1	1	1	1	1	1	1	0	1	2	1	1
10	2	0	2	0	1	2	0	2	0	1	2	0	2	0	1	0	2	1	1	1	0	2	1	1	1	0	2	2	1	0	1	1	1	1	1	2	0	1	1	1	0	2	1	1	1	1	1	1	1	1	0	2	1	1	1
11	2	0	2	0	1	2	0	2	0	1	2	0	2	0	1	0	2	1	1	1	0	2	1	1	1	0	2	2	1	0	1	1	1	1	1	2	1	1	0	1	0	2	1	1	1	2	1	1	1	0	0	2	1	1	1
12	1	0	3	1	0	3	0	1	0	1	2	0	2	0	1	1	2	1	1	0	1	1	1	2	0	0	2	1	1	1	1	1	1	1	1	2	0	2	0	1	0	1	2	1	1	1	1	1	1	1	0	1	2	1	1
13	2	1	2	0	0	2	1	2	0	0	1	1	1	1	1	0	2	2	1	0	0	2	2	1	0	1	1	2	1	0	1	1	2	0	1	2	0	1	0	2	1	2	1	0	1	1	2	1	1	0	1	2	1	0	1
14	1	0	2	1	1	2	0	1	1	1	2	0	2	0	1	0	2	1	1	1	0	1	1	2	1	0	2	1	1	1	1	1	1	1	1	2	0	2	0	1	0	1	2	1	1	1	1	1	1	1	0	1	2	1	1
15	2	0	2	0	1	2	0	2	0	1	2	0	2	0	1	0	2	1	1	1	0	2	1	1	1	0	2	2	1	0	1	1	1	1	1	2	0	1	1	1	0	2	1	1	1	1	1	1	1	1	0	2	1	1	1
16	2	0	2	0	1	2	0	2	0	1	2	0	2	0	1	0	2	1	1	1	0	2	1	1	1	0	2	2	1	0	1	1	1	1	1	2	1	1	0	1	0	2	1	1	1	1	1	2	1	0	0	2	1	1	1
17	1	0	3	1	0	3	0	1	0	1	2	0	2	0	1	1	2	1	1	0	1	1	1	2	0	0	2	1	1	1	1	1	1	1	1	2	0	2	0	1	0	1	2	1	1	1	1	1	1	1	0	1	2	1	1
18	2	1	2	0	0	2	0	2	1	0	1	1	1	1	1	0	2	2	1	0	0	2	2	1	0	1	1	2	1	0	1	1	2	0	1	2	0	1	0	2	1	2	1	0	1	1	1	1	2	0	1	2	1	0	1
19	1	0	2	1	1	2	1	1	0	1	2	0	2	0	1	0	2	1	1	1	0	1	1	2	1	0	2	1	1	1	1	1	1	1	1	2	0	2	0	1	0	1	2	1	1	1	1	1	1	1	0	1	2	1	1
20	2	0	2	0	1	2	0	2	0	1	2	0	2	0	1	0	2	1	1	1	0	2	1	1	1	0	2	2	1	0	1	1	1	1	1	2	0	1	1	1	0	2	1	1	1	1	1	1	1	1	0	2	1	1	1
21	2	0	2	0	1	2	0	2	0	1	2	0	2	0	1	0	2	1	1	1	0	2	1	1	1	0	2	2	1	0	1	1	1	1	1	2	1	1	0	1	0	2	1	1	1	2	1	1	1	0	0	2	1	1	1
22	1	0	3	1	0	3	0	1	0	1	2	0	2	0	1	1	2	1	1	0	1	1	1	2	0	0	2	1	1	1	1	1	1	1	1	2	0	2	0	1	0	1	2	1	1	1	1	1	1	1	0	1	2	1	1
23	2	1	2	0	0	2	1	2	0	0	1	1	1	1	1	0	2	2	1	0	0	2	2	1	0	1	1	2	1	0	1	1	2	0	1	2	0	1	0	2	1	2	1	0	1	1	2	1	1	0	1	2	1	0	1
24	1	0	2	1	1	2	0	1	1	1	2	0	2	0	1	0	2	1	1	1	0	1	1	2	1	0	2	1	1	1	1	1	1	1	1	2	0	2	0	1	0	1	2	1	1	1	1	1	1	1	0	1	2	1	1
25	2	0	2	0	1	2	0	2	0	1	2	0	2	0	1	0	2	1	1	1	0	2	1	1	1	0	2	2	1	0	1	1	1	1	1	2	0	1	1	1	0	2	1	1	1	1	1	1	1	1	0	2	1	1	1
26	2	0	2	0	1	2	0	2	0	1	2	0	2	0	1	0	2	1	1	1	0	2	1	1	1	0	2	2	1	0	1	1	1	1	1	2	1	1	0	1	0	2	1	1	1	1	1	2	1	0	0	2	1	1	1
27	1	0	3	1	0	3	0	1	0	1	2	0	2	0	1	1	2	1	1	0	1	1	1	2	0	0	2	1	1	1	1	1	1	1	1	2	0	2	0	1	0	1	2	1	1	1	1	1	1	1	0	1	2	1	1
28	2	1	2	0	0	2	0	2	1	0	1	1	1	1	1	0	2	2	1	0	0	2	2	1	0	1	1	2	1	0	1	1	2	0	1	2	0	1	0	2	1	2	1	0	1	1	1	1	2	0	1	2	1	0	1
29	1	0	2	1	1	2	1	1	0	1	2	0	2	0	1	0	2	1	1	1	0	1	1	2	1	0	2	1	1	1	1	1	1	1	1	2	0	2	0	1	0	1	2	1	1	1	1	1	1	1	0	1	2	1	1
30	2	0	2	0	1	2	0	2	0	1	2	0	2	0	1	0	2	1	1	1	0	2	1	1	1	0	2	2	1	0	1	1	1	1	1	2	0	1	1	1	0	2	1	1	1	1	1	1	1	1	0	2	1	1	1
31	2	0	2	0	1	2	0	2	0	1	2	0	2	0	1	0	2	1	1	1	0	2	1	1	1	0	2	2	1	0	1	1	1	1	1	2	1	1	0	1	0	2	1	1	1	2	1	1	1	0	0	2	1	1	1
32	1	0	3	1	0	3	0	1	0	1	2	0	2	0	1	1	2	1	1	0	1	1	1	2	0	0	2	1	1	1	1	1	1	1	1	2	0	2	0	1	0	1	2	1	1	1	1	1	1	1	0	1	2	1	1
33	2	1	2	0	0	2	1	2	0	0	1	1	1	1	1	0	2	2	1	0	0	2	2	1	0	1	1	2	1	0	1	1	2	0	1	2	0	1	0	2	1	2	1	0	1	1	2	1	1	0	1	2	1	0	1
34	1	0	2	1	1	2	0	1	1	1	2	0	2	0	1	0	2	1	1	1	0	1	1	2	1	0	2	1	1	1	1	1	1	1	1	2	0	2	0	1	0	1	2	1	1	1	1	1	1	1	0	1	2	1	1
35	2	0	2	0	1	2	0	2	0	1	2	0	2	0	1	0	2	1	1	1	0	2	1	1	1	0	2	2	1	0	1	1	1	1	1	2	0	1	1	1	0	2	1	1	1	1	1	1	1	1	0	2	1	1	1
36	2	0	2	0	1	2	0	2	0	1	2	0	2	0	1	0	2	1	1	1	0	2	1	1	1	0	2	2	1	0	1	1	1	1	1	2	1	1	0	1	0	2	1	1	1	1	1	2	1	0	0	2	1	1	1
37	1	0	3	1	0	3	0	1	0	1	2	0	2	0	1	1	2	1	1	0	1	1	1	2	0	0	2	1	1	1	1	1	1	1	1	2	0	2	0	1	0	1	2	1	1	1	1	1	1	1	0	1	2	1	1
38	2	1	2	0	0	2	0	2	1	0	1	1	1	1	1	0	2	2	1	0	0	2	2	1	0	1	1	2	1	0	1	1	2	0	1	2	0	1	0	2	1	2	1	0	1	1	1	1	2	0	1	2	1	0	1
39	1	0	2	1	1	2	1	1	0	1	2	0	2	0	1	0	2	1	1	1	0	1	1	2	1	0	2	1	1	1	1	1	1	1	1	2	0	2	0	1	0	1	2	1	1	1	1	1	1	1	0	1	2	1	1
40	2	0	2	0	1	2	0	2	0	1	2	0	2	0	1	0	2	1	1	1	0	2	1	1	1	0	2	2	1	0	1	1	1	1	1	2	0	1	1	1	0	2	1	1	1	1	1	1	1	1	0	2	1	1	1
41	2	0	2	0	1	2	0	2	0	1	2	0	2	0	1	0	2	1	1	1	0	2	1	1	1	0	2	2	1	0	1	1	1	1	1	2	1	1	0	1	0	2	1	1	1	2	1	1	1	0	0	2	1	1	1
42	1	0	3	1	0	3	0	1	0	1	2	0	2	0	1	1	2	1	1	0	1	1	1	2	0	0	2	1	1	1	1	1	1	1	1	2	0	2	0	1	0	1	2	1	1	1	1	1	1	1	0	1	2	1	1
43	2	1	2	0	0	2	1	2	0	0	1	1	1	1	1	0	2	2	1	0	0	2	2	1	0	1	1	2	1	0	1	1	2	0	1	2	0	1	0	2	1	2	1	0	1	1	2	1	1	0	1	2	1	0	1
44	1	0	2	1	1	2	0	1	1	1	2	0	2	0	1	0	2	1	1	1	0	1	1	2	1	0	2	1	1	1	1	1	1	1	1	2	0	2	0	1	0	1	2	1	1	1	1	1	1	1	0	1	2	1	1
45	2	0	2	0	1	2	0	2	0	1	2	0	2	0	1	0	2	1	1	1	0	2	1	1	1	0	2	2	1	0	1	1	1	1	1	2	0	1	1	1	0	2	1	1	1	1	1	1	1	1	0	2	1	1	1
46	2	0	2	0	1	2	0	2	0	1	2	0	2	0	1	0	2	1	1	1	0	2	1	1	1	0	2	2	1	0	1	1	1	1	1	2	1	1	0	1	0	2	1	1	1	1	1	2	1	0	0	2	1	1	1
47	1	0	3	1	0	3	0	1	0	1	2	0	2	0	1	1	2	1	1	0	1	1	1	2	0	0	2	1	1	1	1	1	1	1	1	2	0	2	0	1	0	1	2	1	1	1	1	1	1	1	0	1	2	1	1
48	2	1	2	0	0	2	0	2	1	0	1	1	1	1	1	0	2	2	1	0	0	2	2	1	0	1	1	2	1	0	1	1	2	0	1	2	0	1	0	2	1	2	1	0	1	1	1	1	2	0	1	2	1	0	1
49	1	0	2	1	1	2	1	1	0	1	2	0	2	0	1	0	2	1	1	1	0	1	1	2	1	0	2	1	1	1	1	1	1	1	1	2	0	2	0	1	0	1	2	1	1	1	1	1	1	1	0	1	2	1	1
50	2	0	2	0	1	2	0	2	0	1	2	0	2	0	1	0	2	1	1	1	0	2	1	1	1	0	2	2	1	0	1	1	1	1	1	2	0	1	1	1	0	2	1	1	1	1	1	1	1	1	0	2	1	1	1
51	2	0	2	0	1	2	0	2	0	1	2	0	2	0	1	0	2	1	1	1	0	2	1	1	1	0	2	2	1	0	1	1	1	1	1	2	1	1	0	1	0	2	1	1	1	2	1	1	1	0	0	2	1	1	1
52	1	0	3	1	0	3	0	1	0	1	2	0	2	0	1	1	2	1	1	0	1	1	1	2	0	0	2	1	1	1	1	1	1	1	1	2	0	2	0	1	0	1	2	1	1	1	1	1	1	1	0	1	2	1	1
53	2	1	2	0	0	2	1	2	0	0	1	1	1	1	1	0	2	2	1	0	0	2	2	1	0	1	1	2	1	0	1	1	2	0	1	2	0	1	0	2	1	2	1	0	1	1	2	1	1	0	1	2	1	0	1
54	1	0	2	1	1	2	0	1	1	1	2	0	2	0	1	0	2	1	1	1	0	1	1	2	1	0	2	1	1	1	1	1	1	1	1	2	0	2	0	1	0	1	2	1	1	1	1	1	1	1	0	1	2	1	1
55	2	0	2	0	1	2	0	2	0	1	2	0	2	0	1	0	2	1	1	1	0	2	1	1	1	0	2	2	1	0	1	1	1	1	1	2	0	1	1	1	0	2	1	1	1	1	1	1	1	1	0	2	1	1	1
56	2	0	2	0	1	2	0	2	0	1	2	0	2	0	1	0	2	1	1	1	0	2	1	1	1	0	2	2	1	0	1	1	1	1	1	2	1	1	0	1	0	2	1	1	1	1	1	2	1	0	0	2	1	1	1
57	1	0	3	1	0	3	0	1	0	1	2	0	2	0	1	1	2	1	1	0	1	1	1	2	0	0	2	1	1	1	1	1	1	1	1	2	0	2	0	1	0	1	2	1	1	1	1	1	1	1	0	1	2	1	1
58	2	1	2	0	0	2	0	2	1	0	1	1	1	1	1	0	2	2	1	0	0	2	2	1	0	1	1	2	1	0	1	1	2	0	1	2	0	1	0	2	1	2	1	0	1	1	1	1	2	0	1	2	1	0	1
59	1	0	2	1	1	2	1	1	0	1	2	0	2	0	1	0	2	1	1	1	0	1	1	2	1	0	2	1	1	1	1	1	1	1	1	2	0	2	0	1	0	1	2	1	1	1	1	1	1	1	0	1	2	1	1
60	2	0	2	0	1	2	0	2	0	1	2	0	2	0	1	0	2	1	1	1	0	2	1	1	1	0	2	2	1	0	1	1	1	1	1	2	0	1	1	1	0	2	1	1	1	1	1	1	1	1	0	2	1	1	1
61	2	0	2	0	1	2	0	2	0	1	2	0	2	0	1	0	2	1	1	1	0	2	1	1	1	0	2	2	1	0	1	1	1	1	1	2	1	1	0	1	0	2	1	1	1	2	1	1	1	0	0	2	1	1	1
62	1	0	3	1	0	3	0	1	0	1	2	0	2	0	1	1	2	1	1	0	1	1	1	2	0	0	2	1	1	1	1	1	1	1	1	2	0	2	0	1	0	1	2	1	1	1	1	1	1	1	0	1	2	1	1
63	2	1	2	0	0	2	1	2	0	0	1	1	1	1	1	0	2	2	1	0	0	2	2	1	0	1	1	2	1	0	1	1	2	0	1	2	0	1	0	2	1	2	1	0	1	1	2	1	1	0	1	2	1	0	1
64	1	0	2	1	1	2	0	1	1	1	2	0	2	0	1	0	2	1	1	1	0	1	1	2	1	0	2	1	1	1	1	1	1	1	1	2	0	2	0	1	0	1	2	1	1	1	1	1	1	1	0	1	2	1	1
65	2	0	2	0	1	2	0	2	0	1	2	0	2	0	1	0	2	1	1	1	0	2	1	1	1	0	2	2	1	0	1	1	1	1	1	2	0	1	1	1	0	2	1	1	1	1	1	1	1	1	0	2	1	1	1
66	2	0	2	0	1	2	0	2	0	1	2	0	2	0	1	0	2	1	1	1	0	2	1	1	1	0	2	2	1	0	1	1	1	1	1	2	1	1	0	1	0	2	1	1	1	1	1	2	1	0	0	2	1	1	1
67	1	0	3	1	0	3	0	1	0	1	2	0	2	0	1	1	2	1	1	0	1	1	1	2	0	0	2	1	1	1	1	1	1	1	1	2	0	2	0	1	0	1	2	1	1	1	1	1	1	1	0	1	2	1	1
68	2	1	2	0	0	2	0	2	1	0	1	1	1	1	1	0	2	2	1	0	0	2	2	1	0	1	1	2	1	0	1	1	2	0	1	2	0	1	0	2	1	2	1	0	1	1	1	1	2	0	1	2	1	0	1
69	1	0	2	1	1	2	1	1	0	1	2	0	2	0	1	0	2	1	1	1	0	1	1	2	1	0	2	1	1	1	1	1	1	1	1	2	0	2	0	1	0	1	2	1	1	1	1	1	1	1	0	1	2	1	1
70	2	0	2	0	1	2	0	2	0	1	2	0	2	0	1	0	2	1	1	1	0	2	1	1	1	0	2	2	1	0	1	1	1	1	1	2	0	1	1	1	0	2	1	1	1	1	1	1	1	1	0	2	1	1	1
71	2	0	2	0	1	2	0	2	0	1	2	0	2	0	1	0	2	1	1	1	0	2	1	1	1	0	2	2	1	0	1	1	1	1	1	2	1	1	0	1	0	2	1	1	1	2	1	1	1	0	0	2	1	1	1
72	1	0	3	1	0	3	0	1	0	1	2	0	2	0	1	1	2	1	1	0	1	1	1	2	0	0	2	1	1	1	1	1	1	1	1	2	0	2	0	1	0	1	2	1	1	1	1	1	1	1	0	1	2	1	1
73	2	1	2	0	0	2	1	2	0	0	1	1	1	1	1	0	2	2	1	0	0	2	2	1	0	1	1	2	1	0	1	1	2	0	1	2	0	1	0	2	1	2	1	0	1	1	2	1	1	0	1	2	1	0	1
74	1	0	2	1	1	2	0	1	1	1	2	0	2	0	1	0	2	1	1	1	0	1	1	2	1	0	2	1	1	1	1	1	1	1	1	2	0	2	0	1	0	1	2	1	1	1	1	1	1	1	0	1	2	1	1
75	2	0	2	0	1	2	0	2	0	1	2	0	2	0	1	0	2	1	1	1	0	2	1	1	1	0	2	2	1	0	1	1	1	1	1	2	0	1	1	1	0	2	1	1	1	1	1	1	1	1	0	2	1	1	1
76	2	0	2	0	1	2	0	2	0	1	2	0	2	0	1	0	2	1	1	1	0	2	1	1	1	0	2	2	1	0	1	1	1	1	1	2	1	1	0	1	0	2	1	1	1	1	1	2	1	0	0	2	1	1	1
77	1	0	3	1	0	3	0	1	0	1	2	0	2	0	1	1	2	1	1	0	1	1	1	2	0	0	2	1	1	1	1	1	1	1	1	2	0	2	0	1	0	1	2	1	1	1	1	1	1	1	0	1	2	1	1
78	2	1	2	0	0	2	0	2	1	0	1	1	1	1	1	0	2	2	1	0	0	2	2	1	0	1	1	2	1	0	1	1	2	0	1	2	0	1	0	2	1	2	1	0	1	1	1	1	2	0	1	2	1	0	1
79	1	0	2	1	1	2	1	1	0	1	2	0	2	0	1	0	2	1	1	1	0	1	1	2	1	0	2	1	1	1	1	1	1	1	1	2	0	2	0	1	0	1	2	1	1	1	1	1	1	1	0	1	2	1	1
80	2	0	2	0	1	2	0	2	0	1	2	0	2	0	1	0	2	1	1	1	0	2	1	1	1	0	2	2	1	0	1	1	1	1	1	2	0	1	1	1	0	2	1	1	1	1	1	1	1	1	0	2	1	1	1
81	2	0	2	0	1	2	0	2	0	1	2	0	2	0	1	0	2	1	1	1	0	2	1	1	1	0	2	2	1	0	1	1	1	1	1	2	1	1	0	1	0	2	1	1	1	2	1	1	1	0	0	2	1	1	1
82	1	0	3	1	0	3	0	1	0	1	2	0	2	0	1	1	2	1	1	0	1	1	1	2	0	0	2	1	1	1	1	1	1	1	1	2	0	2	0	1	0	1	2	1	1	1	1	1	1	1	0	1	2	1	1
83	2	1	2	0	0	2	1	2	0	0	1	1	1	1	1	0	2	2	1	0	0	2	2	1	0	1	1	2	1	0	1	1	2	0	1	2	0	1	0	2	1	2	1	0	1	1	2	1	1	0	1	2	1	0	1
84	1	0	2	1	1	2	0	1	1	1	2	0	2	0	1	0	2	1	1	1	0	1	1	2	1	0	2	1	1	1	1	1	1	1	1	2	0	2	0	1	0	1	2	1	1	1	1	1	1	1	0	1	2	1	1
85	2	0	2	0	1	2	0	2	0	1	2	0	2	0	1	0	2	1	1	1	0	2	1	1	1	0	2	2	1	0	1	1	1	1	1	2	0	1	1	1	0	2	1	1	1	1	1	1	1	1	0	2	1	1	1
86	2	0	2	0	1	2	0	2	0	1	2	0	2	0	1	0	2	1	1	1	0	2	1	1	1	0	2	2	1	0	1	1	1	1	1	2	1	1	0	1	0	2	1	1	1	1	1	2	1	0	0	2	1	1	1
87	1	0	3	1	0	3	0	1	0	1	2	0	2	0	1	1	2	1	1	0	1	1	1	2	0	0	2	1	1	1	1	1	1	1	1	2	0	2	0	1	0	1	2	1	1	1	1	1	1	1	0	1	2	1	1
88	2	1	2	0	0	2	0	2	1	0	1	1	1	1	1	0	2	2	1	0	0	2	2	1	0	1	1	2	1	0	1	1	2	0	1	2	0	1	0	2	1	2	1	0	1	1	1	1	2	0	1	2	1	0	1
89	1	0	2	1	1	2	1	1	0	1	2	0	2	0	1	0	2	1	1	1	0	1	1	2	1	0	2	1	1	1	1	1	1	1	1	2	0	2	0	1	0	1	2	1	1	1	1	1	1	1	0	1	2	1	1
90	2	0	2	0	1	2	0	2	0	1	2	0	2	0	1	0	2	1	1	1	0	2	1	1	1	0	2	2	1	0	1	1	1	1	1	2	0	1	1	1	0	2	1	1	1	1	1	1	1	1	0	2	1	1	1
91	2	0	2	0	1	2	0	2	0	1	2	0	2	0	1	0	2	1	1	1	0	2	1	1	1	0	2	2	1	0	1	1	1	1	1	2	1	1	0	1	0	2	1	1	1	2	1	1	1	0	0	2	1	1	1
92	1	0	3	1	0	3	0	1	0	1	2	0	2	0	1	1	2	1	1	0	1	1	1	2	0	0	2	1	1	1	1	1	1	1	1	2	0	2	0	1	0	1	2	1	1	1	1	1	1	1	0	1	2	1	1
93	2	1	2	0	0	2	1	2	0	0	1	1	1	1	1	0	2	2	1	0	0	2	2	1	0	1	1	2	1	0	1	1	2	0	1	2	0	1	0	2	1	2	1	0	1	1	2	1	1	0	1	2	1	0	1
94	1	0	2	1	1	2	0	1	1	1	2	0	2	0	1	0	2	1	1	1	0	1	1	2	1	0	2	1	1	1	1	1	1	1	1	2	0	2	0	1	0	1	2	1	1	1	1	1	1	1	0	1	2	1	1
95	2	0	2	0	1	2	0	2	0	1	2	0	2	0	1	0	2	1	1	1	0	2	1	1	1	0	2	2	1	0	1	1	1	1	1	2	0	1	1	1	0	2	1	1	1	1	1	1	1	1	0	2	1	1	1
96	2	0	2	0	1	2	0	2	0	1	2	0	2	0	1	0	2	1	1	1	0	2	1	1	1	0	2	2	1	0	1	1	1	1	1	2	1	1	0	1	0	2	1	1	1	1	1	2	1	0	0	2	1	1	1
97	1	0	3	1	0	3	0	1	0	1	2	0	2	0	1	1	2	1	1	0	1	1	1	2	0	0	2	1	1	1	1	1	1	1	1	2	0	2	0	1	0	1	2	1	1	1	1	1	1	1	0	1	2	1	1
98	2	1	2	0	0	2	0	2	1	0	1	1	1	1	1	0	2	2	1	0	0	2	2	1	0	1	1	2	1	0	1	1	2	0	1	2	0	1	0	2	1	2	1	0	1	1	1	1	2	0	1	2	1	0	1
99	1	0	2	1	1	2	1	1	0	1	2	0	2	0	1	0	2	1	1	1	0	1	1	2	1	0	2	1	1	1	1	1	1	1	1	2	0	2	0	1	0	1	2	1	1	1	1	1	1	1	0	1	2	1	1
100	2	0	2	0	1	2	0	2	0	1	2	0	2	0	1	0	2	1	1	1	0	2	1	1	1	0	2	2	1	0	1	1	1	1	1	2	0	1	1	1	0	2	1	1	1	1	1	1	1	1	0	2	1	1	1
101	2	0	2	0	1	2	0	2	0	1	2	0	2	0	1	0	2	1	1	1	0	2	1	1	1	0	2	2	1	0	1	1	1	1	1	2	1	1	0	1	0	2	1	1	1	2	1	1	1	0	0	2	1	1	1
102	1	0	3	1	0	3	0	1	0	1	2	0	2	0	1	1	2	1	1	0	1	1	1	2	0	0	2	1	1	1	1	1	1	1	1	2	0	2	0	1	0	1	2	1	1	1	1	1	1	1	0	1	2	1	1
103	2	1	2	0	0	2	1	2	0	0	1	1	1	1	1	0	2	2	1	0	0	2	2	1	0	1	1	2	1	0	1	1	2	0	1	2	0	1	0	2	1	2	1	0	1	1	2	1	1	0	1	2	1	0	1
104	1	0	2	1	1	2	0	1	1	1	2	0	2	0	1	0	2	1	1	1	0	1	1	2	1	0	2	1	1	1	1	1	1	1	1	2	0	2	0	1	0	1	2	1	1	1	1	1	1	1	0	1	2	1	1
105	2	0	2	0	1	2	0	2	0	1	2	0	2	0	1	0	2	1	1	1	0	2	1	1	1	0	2	2	1	0	1	1	1	1	1	2	0	1	1	1	0	2	1	1	1	1	1	1	1	1	0	2	1	1	1
106	2	0	2	0	1	2	0	2	0	1	2	0	2	0	1	0	2	1	1	1	0	2	1	1	1	0	2	2	1	0	1	1	1	1	1	2	1	1	0	1	0	2	1	1	1	1	1	2	1	0	0	2	1	1	1
107	1	0	3	1	0	3	0	1	0	1	2	0	2	0	1	1	2	1	1	0	1	1	1	2	0	0	2	1	1	1	1	1	1	1	1	2	0	2	0	1	0	1	2	1	1	1	1	1	1	1	0	1	2	1	1
108	2	1	2	0	0	2	0	2	1	0	1	1	1	1	1	0	2	2	1	0	0	2	2	1	0	1	1	2	1	0	1	1	2	0	1	2	0	1	0	2	1	2	1	0	1	1	1	1	2	0	1	2	1	0	1
109	1	0	2	1	1	2	1	1	0	1	2	0	2	0	1	0	2	1	1	1	0	1	1	2	1	0	2	1	1	1	1	1	1	1	1	2	0	2	0	1	0	1	2	1	1	1	1	1	1	1	0	1	2	1	1
110	2	0	2	0	1	2	0	2	0	1	2	0	2	0	1	0	2	1	1	1	0	2	1	1	1	0	2	2	1	0	1	1	1	1	1	2	0	1	1	1	0	2	1	1	1	1	1	1	1	1	0	2	1	1	1
111	2	0	2	0	1	2	0	2	0	1	2	0	2	0	1	0	2	1	1	1	0	2	1	1	1	0	2	2	1	0	1	1	1	1	1	2	1	1	0	1	0	2	1	1	1	2	1	1	1	0	0	2	1	1	1
112	1	0	3	1	0	3	0	1	0	1	2	0	2	0	1	1	2	1	1	0	1	1	1	2	0	0	2	1	1	1	1	1	1	1	1	2	0	2	0	1	0	1	2	1	1	1	1	1	1	1	0	1	2	1	1
113	2	1	2	0	0	2	1	2	0	0	1	1	1	1	1	0	2	2	1	0	0	2	2	1	0	1	1	2	1	0	1	1	2	0	1	2	0	1	0	2	1	2	1	0	1	1	2	1	1	0	1	2	1	0	1
114	1	0	2	1	1	2	0	1	1	1	2	0	2	0	1	0	2	1	1	1	0	1	1	2	1	0	2	1	1	1	1	1	1	1	1	2	0	2	0	1	0	1	2	1	1	1	1	1	1	1	0	1	2	1	1
115	2	0	2	0	1	2	0	2	0	1	2	0	2	0	1	0	2	1	1	1	0	2	1	1	1	0	2	2	1	0	1	1	1	1	1	2	0	1	1	1	0	2	1	1	1	1	1	1	1	1	0	2	1	1	1
116	2	0	2	0	1	2	0	2	0	1	2	0	2	0	1	0	2	1	1	1	0	2	1	1	1	0	2	2	1	0	1	1	1	1	1	2	1	1	0	1	0	2	1	1	1	1	1	2	1	0	0	2	1	1	1
117	1	0	3	1	0	3	0	1	0	1	2	0	2	0	1	1	2	1	1	0	1	1	1	2	0	0	2	1	1	1	1	1	1	1	1	2	0	2	0	1	0	1	2	1	1	1	1	1	1	1	0	1	2	1	1
118	2	1	2	0	0	2	0	2	1	0	1	1	1	1	1	0	2	2	1	0	0	2	2	1	0	1	1	2	1	0	1	1	2	0	1	2	0	1	0	2	1	2	1	0	1	1	1	1	2	0	1	2	1	0	1
119	1	0	2	1	1	2	1	1	0	1	2	0	2	0	1	0	2	1	1	1	0	1	1	2	1	0	2	1	1	1	1	1	1	1	1	2	0	2	0	1	0	1	2	1	1	1	1	1	1	1	0	1	2	1	1
120	2	0	2	0	1	2	0	2	0	1	2	0	2	0	1	0	2	1	1	1	0	2	1	1	1	0	2	2	1	0	1	1	1	1	1	2	0	1	1	1	0	2	1	1	1	1	1	1	1	1	0	2	1	1	1
121	2	0	2	0	1	2	0	2	0	1	2	0	2	0	1	0	2	1	1	1	0	2	1	1	1	0	2	2	1	0	1	1	1	1	1	2	1	1	0	1	0	2	1	1	1	2	1	1	1	0	0	2	1	1	1
122	1	0	3	1	0	3	0	1	0	1	2	0	2	0	1	1	2	1	1	0	1	1	1	2	0	0	2	1	1	1	1	1	1	1	1	2	0	2	0	1	0	1	2	1	1	1	1	1	1	1	0	1	2	1	1
123	2	1	2	0	0	2	1	2	0	0	1	1	1	1	1	0	2	2	1	0	0	2	2	1	0	1	1	2	1	0	1	1	2	0	1	2	0	1	0	2	1	2	1	0	1	1	2	1	1	0	1	2	1	0	1
124	1	0	2	1	1	2	0	1	1	1	2	0	2	0	1	0	2	1	1	1	0	1	1	2	1	0	2	1	1	1	1	1	1	1	1	2	0	2	0	1	0	1	2	1	1	1	1	1	1	1	0	1	2	1	1
125	2	0	2	0	1	2	0	2	0	1	2	0	2	0	1	0	2	1	1	1	0	2	1	1	1	0	2	2	1	0	1	1	1	1	1	2	0	1	1	1	0	2	1	1	1	1	1	1	1	1	0	2	1	1	1
126	2	0	2	0	1	2	0	2	0	1	2	0	2	0	1	0	2	1	1	1	0	2	1	1	1	0	2	2	1	0	1	1	1	1	1	2	1	1	0	1	0	2	1	1	1	1	1	2	1	0	0	2	1	1	1
127	1	0	3	1	0	3	0	1	0	1	2	0	2	0	1	1	2	1	1	0	1	1	1	2	0	0	2	1	1	1	1	1	1	1	1	2	0	2	0	1	0	1	2	1	1	1	1	1	1	1	0	1	2	1	1
128	2	1	2	0	0	2	0	2	1	0	1	1	1	1	1	0	2	2	1	0	0	2	2	1	0	1	1	2	1	0	1	1	2	0	1	2	0	1	0	2	1	2	1	0	1	1	1	1	2	0	1	2	1	0	1
129	1	0	2	1	1	2	1	1	0	1	2	0	2	0	1	0	2	1	1	1	0	1	1	2	1	0	2	1	1	1	1	1	1	1	1	2	0	2	0	1	0	1	2	1	1	1	1	1	1	1	0	1	2	1	1
130	2	0	2	0	1	2	0	2	0	1	2	0	2	0	1	0	2	1	1	1	0	2	1	1	1	0	2	2	1	0	1	1	1	1	1	2	0	1	1	1	0	2	1	1	1	1	1	1	1	1	0	2	1	1	1
131	2	0	2	0	1	2	0	2	0	1	2	0	2	0	1	0	2	1	1	1	0	2	1	1	1	0	2	2	1	0	1	1	1	1	1	2	1	1	0	1	0	2	1	1	1	2	1	1	1	0	0	2	1	1	1
132	1	0	3	1	0	3	0	1	0	1	2	0	2	0	1	1	2	1	1	0	1	1	1	2	0	0	2	1	1	1	1	1	1	1	1	2	0	2	0	1	0	1	2	1	1	1	1	1	1	1	0	1	2	1	1
133	2	1	2	0	0	2	1	2	0	0	1	1	1	1	1	0	2	2	1	0	0	2	2	1	0	1	1	2	1	0	1	1	2	0	1	2	0	1	0	2	1	2	1	0	1	1	2	1	1	0	1	2	1	0	1
134	1	0	2	1	1	2	0	1	1	1	2	0	2	0	1	0	2	1	1	1	0	1	1	2	1	0	2	1	1	1	1	1	1	1	1	2	0	2	0	1	0	1	2	1	1	1	1	1	1	1	0	1	2	1	1
135	2	0	2	0	1	2	0	2	0	1	2	0	2	0	1	0	2	1	1	1	0	2	1	1	1	0	2	2	1	0	1	1	1	1	1	2	0	1	1	1	0	2	1	1	1	1	1	1	1	1	0	2	1	1	1
136	2	0	2	0	1	2	0	2	0	1	2	0	2	0	1	0	2	1	1	1	0	2	1	1	1	0	2	2	1	0	1	1	1	1	1	2	1	1	0	1	0	2	1	1	1	1	1	2	1	0	0	2	1	1	1
137	1	0	3	1	0	3	0	1	0	1	2	0	2	0	1	1	2	1	1	0	1	1	1	2	0	0	2	1	1	1	1	1	1	1	1	2	0	2	0	1	0	1	2	1	1	1	1	1	1	1	0	1	2	1	1
138	2	1	2	0	0	2	0	2	1	0	1	1	1	1	1	0	2	2	1	0	0	2	2	1	0	1	1	2	1	0	1	1	2	0	1	2	0	1	0	2	1	2	1	0	1	1	1	1	2	0	1	2	1	0	1
139	1	0	2	1	1	2	1	1	0	1	2	0	2	0	1	0	2	1	1	1	0	1	1	2	1	0	2	1	1	1	1	1	1	1	1	2	0	2	0	1	0	1	2	1	1	1	1	1	1	1	0	1	2	1	1
140	2	0	2	0	1	2	0	2	0	1	2	0	2	0	1	0	2	1	1	1	0	2	1	1	1	0	2	2	1	0	1	1	1	1	1	2	0	1	1	1	0	2	1	1	1	1	1	1	1	1	0	2	1	1	1
141	2	0	2	0	1	2	0	2	0	1	2	0	2	0	1	0	2	1	1	1	0	2	1	1	1	0	2	2	1	0	1	1	1	1	1	2	1	1	0	1	0	2	1	1	1	2	1	1	1	0	0	2	1	1	1
142	1	0	3	1	0	3	0	1	0	1	2	0	2	0	1	1	2	1	1	0	1	1	1	2	0	0	2	1	1	1	1	1	1	1	1	2	0	2	0	1	0	1	2	1	1	1	1	1	1	1	0	1	2	1	1
143	2	1	2	0	0	2	1	2	0	0	1	1	1	1	1	0	2	2	1	0	0	2	2	1	0	1	1	2	1	0	1	1	2	0	1	2	0	1	0	2	1	2	1	0	1	1	2	1	1	0	1	2	1	0	1
144	1	0	2	1	1	2	0	1	1	1	2	0	2	0	1	0	2	1	1	1	0	1	1	2	1	0	2	1	1	1	1	1	1	1	1	2	0	2	0	1	0	1	2	1	1	1	1	1	1	1	0	1	2	1	1
145	2	0	2	0	1	2	0	2	0	1	2	0	2	0	1	0	2	1	1	1	0	2	1	1	1	0	2	2	1	0	1	1	1	1	1	2	0	1	1	1	0	2	1	1	1	1	1	1	1	1	0	2	1	1	1
146	2	0	2	0	1	2	0	2	0	1	2	0	2	0	1	0	2	1	1	1	0	2	1	1	1	0	2	2	1	0	1	1	1	1	1	2	1	1	0	1	0	2	1	1	1	1	1	2	1	0	0	2	1	1	1
147	1	0	3	1	0	3	0	1	0	1	2	0	2	0	1	1	2	1	1	0	1	1	1	2	0	0	2	1	1	1	1	1	1	1	1	2	0	2	0	1	0	1	2	1	1	1	1	1	1	1	0	1	2	1	1
148	2	1	2	0	0	2	0	2	1	0	1	1	1	1	1	0	2	2	1	0	0	2	2	1	0	1	1	2	1	0	1	1	2	0	1	2	0	1	0	2	1	2	1	0	1	1	1	1	2	0	1	2	1	0	1
149	1	0	2	1	1	2	1	1	0	1	2	0	2	0	1	0	2	1	1	1	0	1	1	2	1	0	2	1	1	1	1	1	1	1	1	2	0	2	0	1	0	1	2	1	1	1	1	1	1	1	0	1	2	1	1
150	2	0	2	0	1	2	0	2	0	1	2	0	2	0	1	0	2	1	1	1	0	2	1	1	1	0	2	2	1	0	1	1	1	1	1	2	0	1	1	1	0	2	1	1	1	1	1	1	1	1	0	2	1	1	1
